time.sec	time.min	input		F0.17	F0.37	F0.57	F0.77	F0.97	PS0.01	PS0.17	PS0.49	PS0.65	Vp0.0001	Vp0.03	Vp0.09	Vp0.12		F0.4	F0.8	F1.2	F1.6	F2.0	PS0.0	PS0.17	PS0.51	PS0.68	Vp0.0001	Vp0.04	Vp0.12	Vp0.16
0	0	0		0	0	0	0	0	0	0	0	0	0	0	0	0		0	0	0	0	0	0	0	0	0	0	0	0	0
1	0.016666667	0.238926236		0.000676957	0.00147338	0.0022698	0.00306622	0.00386264	0.0022698	0.0022698	0.0022698	0.0022698	0.000994115	0.0022698	0.0022698	0.0022698		0.00159284	0.00318568	0.00477852	0.00637136	0.0079642	0.00477852	0.00477852	0.00477852	0.00477852	0.00118132	0.00477705	0.00477852	0.00477852
2	0.033333333	0.466227775		0.00199794	0.00434845	0.00669896	0.00904948	0.0113938	0.00669896	0.00669896	0.00669896	0.00669896	0.00291218	0.00668309	0.00669896	0.00669896		0.00470103	0.00940205	0.0141004	0.0187159	0.0229741	0.0141	0.0141002	0.0141006	0.0141007	0.00345471	0.0133686	0.0141031	0.0141031
3	0.05	0.688243103		0.00394796	0.00859261	0.0132367	0.0178412	0.0222341	0.0132365	0.0132366	0.0132367	0.0132368	0.00572461	0.0128797	0.0132373	0.0132373		0.00928931	0.0185765	0.0276462	0.0355043	0.0413574	0.0276048	0.0276265	0.0276642	0.0276807	0.00678168	0.023386	0.0278645	0.0278679
4	0.066666667	0.912633059		0.00653375	0.0142205	0.0218722	0.0291545	0.0354406	0.0218595	0.0218663	0.0218771	0.0218814	0.00943361	0.0202895	0.0219073	0.0219073		0.0153735	0.0306658	0.0443835	0.0543176	0.0610288	0.0439855	0.0441958	0.0445512	0.0447011	0.0111617	0.0345192	0.0459894	0.0461152
5	0.083333333	1.174323079		0.00986099	0.0214597	0.0328155	0.0427944	0.0505778	0.0327116	0.0327683	0.0328547	0.0328874	0.0141863	0.0290155	0.0330574	0.0330633		0.0232023	0.0458801	0.063779	0.0753423	0.0831018	0.0622997	0.0630867	0.064389	0.0649273	0.0167662	0.0474446	0.0687496	0.0695114
6	0.1	1.499875456		0.0141107	0.0306881	0.0464072	0.0591004	0.0684649	0.0459798	0.0462156	0.0465632	0.0466906	0.0202371	0.0395911	0.0472593	0.0473115		0.0331998	0.06454	0.0864773	0.100254	0.109666	0.0829413	0.084832	0.0879122	0.0891663	0.0238935	0.0633305	0.0965263	0.0990728
7	0.116666667	1.891515451		0.01947	0.0422724	0.0628808	0.0785501	0.0900683	0.0616325	0.0623275	0.0633229	0.0636773	0.0278458	0.0526171	0.0650482	0.065267		0.0457943	0.0870642	0.113551	0.130385	0.141996	0.106905	0.110472	0.116216	0.11853	0.0328473	0.0829614	0.129844	0.135615
8	0.133333333	2.33481085		0.0260853	0.056448	0.0825533	0.101754	0.115954	0.0798281	0.0813558	0.0834961	0.0842419	0.0372101	0.0683776	0.0867442	0.0873818		0.0613	0.113642	0.145803	0.166457	0.180537	0.134933	0.140785	0.150121	0.153849	0.0438561	0.106418	0.168875	0.179363
9	0.15	2.807514938		0.0340398	0.0732944	0.105538	0.128836	0.146025	0.100548	0.103361	0.107234	0.108561	0.0484338	0.0868136	0.112399	0.113862		0.0798543	0.144527	0.183316	0.207821	0.224601	0.166999	0.175806	0.189747	0.195276	0.0570367	0.13331	0.213946	0.230173
10	0.166666667	3.286106327		0.0433502	0.0927354	0.13171	0.159508	0.1797	0.123561	0.128173	0.134442	0.136565	0.0615232	0.107719	0.141839	0.144659		0.101426	0.179603	0.225255	0.25363	0.272389	0.201984	0.214572	0.234365	0.242169	0.0723898	0.16305	0.264868	0.28771
11	0.183333333	3.749777971		0.0539727	0.1146	0.160808	0.193181	0.216109	0.148533	0.155502	0.164878	0.168027	0.0763995	0.130624	0.174731	0.179492		0.125822	0.218188	0.27049	0.302062	0.322736	0.238524	0.255849	0.282929	0.293553	0.0898148	0.194818	0.320512	0.351258
12	0.2	4.182395335		0.0658176	0.138615	0.192114	0.228704	0.254274	0.174495	0.184524	0.19791	0.202375	0.0929182	0.155004	0.210639	0.217892		0.152741	0.259617	0.317774	0.351872	0.373898	0.275198	0.298315	0.334251	0.348284	0.109134	0.227927	0.379853	0.419603
13	0.216666667	4.573054853		0.0787629	0.164297	0.225102	0.26554	0.293324	0.20083	0.214675	0.233032	0.239121	0.110892	0.180515	0.248992	0.259294		0.181721	0.302742	0.36559	0.401683	0.424918	0.310252	0.340351	0.386891	0.404982	0.13012	0.26169	0.441037	0.491024
14	0.233333333	4.915783818		0.0926681	0.191349	0.259013	0.302737	0.332423	0.226567	0.245112	0.269548	0.277614	0.13011	0.206718	0.288781	0.302939		0.212401	0.346458	0.413067	0.450746	0.474493	0.342857	0.381112	0.439947	0.462714	0.152519	0.295592	0.502317	0.564024
15	0.25	5.208786389		0.107386	0.219438	0.293252	0.339853	0.370727	0.25101	0.275198	0.306886	0.317299	0.150358	0.233169	0.32961	0.348115		0.244436	0.390094	0.459623	0.498073	0.522172	0.372587	0.420095	0.492763	0.520754	0.176071	0.329299	0.562658	0.637172
16	0.266666667	5.453512236		0.122772	0.247936	0.327312	0.376056	0.408208	0.273627	0.304421	0.344543	0.357671	0.171427	0.259749	0.370901	0.394655		0.277026	0.432863	0.50414	0.543342	0.567751	0.398271	0.456164	0.544227	0.577988	0.200527	0.362463	0.620905	0.70861
17	0.283333333	5.653721618		0.138689	0.276611	0.360622	0.411306	0.444363	0.293747	0.332174	0.381969	0.398195	0.193129	0.286219	0.411641	0.440966		0.310183	0.474157	0.546817	0.586186	0.610782	0.42049	0.4897	0.594375	0.634312	0.225659	0.39492	0.676061	0.777413
18	0.3	5.814645059		0.155016	0.305174	0.393136	0.445366	0.479253	0.311533	0.358503	0.419042	0.438689	0.215297	0.312419	0.451691	0.487371		0.343238	0.513877	0.587362	0.626834	0.651475	0.43912	0.520492	0.64284	0.689288	0.251269	0.42666	0.728131	0.842676
19	0.316666667	5.942283829		0.171645	0.333277	0.424617	0.478171	0.512775	0.326837	0.383215	0.455494	0.47886	0.237789	0.33833	0.49038	0.53282		0.376002	0.551704	0.625674	0.665355	0.689984	0.454264	0.548541	0.68943	0.742643	0.277188	0.45762	0.77663	0.903686
20	0.333333333	5.946404284		0.188209	0.360279	0.454183	0.508541	0.543428	0.338983	0.405517	0.490367	0.517692	0.260091	0.36299	0.52687	0.576329		0.40753	0.58656	0.660156	0.699297	0.723328	0.464637	0.572392	0.732423	0.792551	0.302804	0.485891	0.820093	0.958613
21	0.35	5.673084919		0.203908	0.384369	0.479417	0.53326	0.567255	0.345736	0.423074	0.521186	0.552663	0.281056	0.383974	0.5584	0.614833		0.435977	0.615045	0.685896	0.722126	0.743431	0.465545	0.58724	0.766814	0.83392	0.326759	0.506789	0.853505	1.00209
22	0.366666667	5.432220715		0.218822	0.405951	0.500809	0.55319	0.585332	0.347721	0.436436	0.548391	0.584179	0.300847	0.401904	0.585507	0.64905		0.461403	0.637896	0.704096	0.736156	0.754251	0.458372	0.594371	0.793729	0.867815	0.349254	0.523007	0.878033	1.03553
23	0.383333333	5.20264827		0.232948	0.425114	0.518645	0.568785	0.598881	0.345376	0.445957	0.572217	0.612435	0.31952	0.417612	0.608389	0.678407		0.484209	0.655681	0.716249	0.74467	0.761379	0.444977	0.595449	0.814516	0.895458	0.370359	0.537687	0.894615	1.05994
24	0.4	4.981387347		0.246311	0.44202	0.533373	0.581142	0.609764	0.339413	0.452198	0.593026	0.637724	0.337117	0.432031	0.62743	0.703822		0.504214	0.669103	0.724465	0.751297	0.767474	0.428023	0.592842	0.831062	0.918541	0.390132	0.551237	0.904446	1.07608
25	0.416666667	4.768510142		0.258965	0.456835	0.54554	0.591434	0.619357	0.330675	0.455833	0.611266	0.660422	0.353684	0.445458	0.642896	0.724799		0.521722	0.67903	0.730921	0.756939	0.772844	0.410393	0.589051	0.845265	0.938728	0.408629	0.56376	0.908981	1.08461
26	0.433333333	4.564834121		0.270761	0.469685	0.555822	0.600505	0.628101	0.320232	0.457711	0.627484	0.680975	0.369267	0.458039	0.65527	0.7422		0.536839	0.686512	0.736331	0.761829	0.777346	0.393017	0.584882	0.857778	0.956628	0.425911	0.575323	0.909968	1.08701
27	0.45	4.371237126		0.281974	0.480882	0.564755	0.608711	0.636068	0.308969	0.458516	0.642105	0.699725	0.383916	0.469808	0.664883	0.756057		0.549773	0.692611	0.741039	0.76597	0.781277	0.37633	0.580716	0.86892	0.972544	0.442041	0.585945	0.90922	1.0849
28	0.466666667	4.188417907		0.292381	0.490719	0.572761	0.616312	0.643394	0.297595	0.458788	0.65547	0.716955	0.397684	0.480803	0.672177	0.766593		0.560784	0.697742	0.745157	0.769659	0.784649	0.360379	0.576628	0.87884	0.986668	0.457088	0.595778	0.907481	1.07971
29	0.483333333	4.016820979		0.302119	0.499311	0.580167	0.623294	0.650148	0.286631	0.45893	0.66785	0.732902	0.410625	0.491141	0.677981	0.774448		0.570048	0.702188	0.748834	0.772923	0.787673	0.345279	0.572749	0.887713	0.999197	0.471115	0.604898	0.905181	1.07257
30	0.5	3.856631349		0.311337	0.507092	0.587012	0.629858	0.656478	0.276086	0.458966	0.679306	0.74764	0.422792	0.500871	0.682507	0.779895		0.577899	0.706187	0.752083	0.775863	0.790352	0.330958	0.569046	0.895597	1.01023	0.484196	0.613363	0.902713	1.06473
31	0.516666667	3.707800096		0.319819	0.514171	0.593435	0.635939	0.662423	0.26613	0.459044	0.689971	0.761302	0.434238	0.510018	0.686312	0.783539		0.584611	0.709874	0.755038	0.778479	0.792787	0.317501	0.565629	0.902652	1.01997	0.496393	0.621273	0.900277	1.05659
32	0.533333333	3.570082456		0.327747	0.520759	0.599471	0.641755	0.668042	0.256738	0.459168	0.699904	0.773969	0.445018	0.518675	0.689586	0.785788		0.590473	0.713243	0.757892	0.780989	0.795152	0.305072	0.562671	0.909094	1.02863	0.507776	0.628667	0.897821	1.04863
33	0.55	3.443079129		0.335245	0.526928	0.605204	0.64725	0.673369	0.247958	0.459407	0.709207	0.785752	0.45518	0.52688	0.692559	0.786923		0.595603	0.716446	0.760548	0.783378	0.797364	0.293457	0.56002	0.914879	1.03624	0.518399	0.635612	0.895559	1.04096
34	0.566666667	3.326275966		0.342237	0.532783	0.610692	0.652481	0.678504	0.239823	0.459806	0.717946	0.796726	0.464772	0.534661	0.695333	0.787649		0.600329	0.719495	0.76309	0.785725	0.79951	0.282683	0.557729	0.92012	1.04293	0.528326	0.642154	0.893517	1.03376
35	0.583333333	3.219079661		0.348713	0.538372	0.615946	0.657568	0.683405	0.232256	0.460336	0.726166	0.80696	0.473839	0.542075	0.697913	0.787841		0.604623	0.72244	0.76564	0.787993	0.801657	0.272847	0.555906	0.924957	1.04886	0.537606	0.648328	0.891695	1.02702
36	0.6	3.120848394		0.354879	0.543726	0.621037	0.662462	0.688202	0.225317	0.461061	0.733943	0.816538	0.48242	0.549138	0.700532	0.787962		0.608673	0.725331	0.768095	0.790215	0.803757	0.263722	0.554388	0.929345	1.05404	0.5463	0.654172	0.890191	1.02075
37	0.616666667	3.0309172		0.360721	0.548905	0.625959	0.667243	0.692827	0.218932	0.461943	0.741297	0.825496	0.490555	0.555893	0.703127	0.788012		0.612561	0.728134	0.770507	0.792458	0.805866	0.255316	0.553203	0.933356	1.05855	0.554449	0.65973	0.888891	1.0151
38	0.633333333	2.948618262		0.366211	0.553916	0.630754	0.671831	0.697321	0.213104	0.463009	0.748282	0.833902	0.49828	0.562366	0.705773	0.788075		0.616284	0.7309	0.772965	0.794686	0.807943	0.247693	0.552428	0.937096	1.06253	0.5621	0.664989	0.887835	1.01012
39	0.65	2.873296592		0.371441	0.558822	0.635414	0.676345	0.70171	0.207754	0.464216	0.754917	0.841793	0.505626	0.568571	0.708403	0.78832		0.619927	0.733673	0.775359	0.796908	0.810053	0.24064	0.551901	0.9405	1.06595	0.569292	0.670008	0.887111	1.00567
40	0.666666667	2.804321679		0.376482	0.56359	0.639975	0.680738	0.705975	0.202887	0.465589	0.76125	0.849223	0.512622	0.574525	0.711046	0.788638		0.623456	0.736411	0.777758	0.79911	0.812143	0.234201	0.551679	0.943654	1.0689	0.576062	0.674801	0.886615	1.00166
41	0.683333333	2.741095692		0.381327	0.568231	0.644448	0.685035	0.710152	0.198488	0.467124	0.7673	0.856224	0.519296	0.580265	0.71379	0.789223		0.62696	0.739147	0.780184	0.801323	0.814192	0.228359	0.551764	0.946595	1.07145	0.58244	0.679357	0.886374	0.998268
42	0.7	2.683058858		0.385977	0.572798	0.648801	0.689237	0.714238	0.194443	0.468754	0.773065	0.862813	0.525671	0.585789	0.716584	0.789979		0.630399	0.74186	0.782545	0.803504	0.816273	0.222941	0.552024	0.949269	1.07356	0.588461	0.683714	0.886335	0.995349
43	0.716666667	2.629692532		0.390478	0.577275	0.653069	0.693328	0.718212	0.190767	0.470505	0.778587	0.869036	0.53177	0.591102	0.719366	0.790852		0.633778	0.744547	0.784894	0.805663	0.818296	0.21799	0.552506	0.951736	1.07532	0.594148	0.687887	0.886473	0.992802
44	0.733333333	2.580520472		0.394887	0.581647	0.657234	0.69735	0.72209	0.187402	0.472339	0.783863	0.874905	0.53761	0.596243	0.722216	0.791958		0.637153	0.747221	0.78722	0.807775	0.820302	0.21345	0.553177	0.954007	1.07675	0.599527	0.691862	0.886797	0.990642
45	0.75	2.535108726		0.399198	0.58595	0.661313	0.701251	0.725878	0.184345	0.474266	0.788917	0.880447	0.543212	0.601203	0.725118	0.79317		0.640468	0.749848	0.789508	0.809869	0.822255	0.209266	0.554003	0.956086	1.07786	0.604621	0.695668	0.88725	0.988871
46	0.766666667	2.4930645		0.403409	0.590177	0.665322	0.705076	0.729565	0.181589	0.476291	0.793773	0.885692	0.54859	0.605989	0.728014	0.794663		0.643763	0.752427	0.791748	0.811927	0.824175	0.205403	0.55496	0.957974	1.07868	0.609451	0.699313	0.887784	0.98738
47	0.783333333	2.454034294		0.407527	0.594311	0.669239	0.708806	0.733163	0.179068	0.478371	0.798424	0.890648	0.553759	0.610624	0.730936	0.796166		0.647021	0.754982	0.793951	0.813928	0.826045	0.201845	0.556046	0.959694	1.07924	0.614029	0.702787	0.888449	0.986175
48	0.8	2.417701556		0.411562	0.598384	0.673066	0.712449	0.736664	0.176763	0.480501	0.802881	0.89533	0.558732	0.615105	0.733864	0.797879		0.650247	0.757482	0.796097	0.815856	0.827845	0.198543	0.557227	0.961242	1.07954	0.618372	0.706115	0.889171	0.985181
49	0.816666667	2.383784037		0.415542	0.602365	0.676795	0.715994	0.740066	0.174627	0.482653	0.807147	0.899749	0.563523	0.619438	0.736746	0.799677		0.653405	0.759931	0.798191	0.817739	0.8296	0.195482	0.558497	0.962629	1.07961	0.6225	0.709296	0.889956	0.984379
50	0.833333333	2.352031007		0.419459	0.606271	0.680444	0.719437	0.743368	0.172681	0.484847	0.811242	0.903929	0.568136	0.623636	0.739656	0.801498		0.656547	0.76232	0.800209	0.819557	0.831291	0.192614	0.559821	0.963848	1.07944	0.626422	0.712333	0.890782	0.983804
51	0.85	2.322220429		0.423313	0.610105	0.684003	0.722794	0.746582	0.170892	0.487064	0.815164	0.907872	0.572586	0.627698	0.742541	0.803484		0.659626	0.764648	0.802176	0.821318	0.832901	0.189953	0.561216	0.964926	1.07908	0.630152	0.715234	0.891634	0.983348
52	0.866666667	2.294156195		0.427115	0.613862	0.687478	0.726057	0.749694	0.169248	0.489299	0.818925	0.911595	0.576879	0.631631	0.745404	0.805457		0.662657	0.766917	0.804061	0.822997	0.83445	0.187442	0.562641	0.965844	1.0785	0.633699	0.718005	0.892503	0.983001
53	0.883333333	2.267665463		0.430851	0.617544	0.690869	0.729239	0.752722	0.167734	0.491548	0.822531	0.915108	0.581026	0.635445	0.748216	0.807504		0.665636	0.769118	0.805887	0.824605	0.835924	0.185097	0.564113	0.96663	1.07776	0.637076	0.720647	0.893382	0.982722
54	0.9	2.242596156		0.434545	0.621137	0.694169	0.732315	0.755646	0.166323	0.493793	0.82598	0.918416	0.585032	0.639136	0.750986	0.809592		0.668552	0.771236	0.807647	0.826145	0.837332	0.182895	0.565618	0.967282	1.07684	0.640285	0.723169	0.894227	0.982562
55	0.916666667	2.218814621		0.438182	0.624666	0.697385	0.735309	0.75848	0.165021	0.496041	0.829283	0.92153	0.588904	0.642713	0.753733	0.811667		0.671422	0.773297	0.809321	0.827613	0.838656	0.180799	0.567127	0.967791	1.07574	0.643346	0.72557	0.895076	0.982447
56	0.933333333	2.196203495		0.441767	0.628115	0.700511	0.738212	0.761222	0.163798	0.498275	0.832439	0.924456	0.592648	0.646183	0.75642	0.813781		0.674218	0.775283	0.810921	0.829	0.839907	0.178816	0.568649	0.968173	1.07449	0.646253	0.727857	0.895898	0.982366
57	0.95	2.174659744		0.445308	0.631486	0.703557	0.741025	0.763874	0.162661	0.500504	0.835461	0.927207	0.596268	0.649542	0.759048	0.815854		0.676966	0.7772	0.812461	0.830314	0.841095	0.17695	0.570194	0.968441	1.07311	0.649024	0.730036	0.896698	0.982327
58	0.966666667	2.15409291		0.448796	0.634783	0.70652	0.743749	0.76644	0.161602	0.502722	0.838349	0.929785	0.599771	0.652797	0.761637	0.817955		0.679636	0.779044	0.813911	0.831562	0.842196	0.175155	0.571723	0.968578	1.07157	0.651657	0.732104	0.897468	0.982321
59	0.983333333	2.134423528		0.452235	0.638011	0.709398	0.746391	0.768916	0.160603	0.504921	0.841105	0.932198	0.60316	0.655956	0.764173	0.820022		0.682253	0.780815	0.815293	0.832729	0.843228	0.17345	0.573257	0.968605	1.06991	0.654163	0.73407	0.898199	0.982313
60	1	2.115581722		0.455628	0.641161	0.712199	0.748955	0.771308	0.159671	0.507106	0.843739	0.934453	0.606442	0.659015	0.766641	0.822091		0.6848	0.782512	0.816609	0.833827	0.844189	0.171832	0.574794	0.968528	1.06813	0.656543	0.735939	0.898887	0.982308
61	1.016666667	2.097505961		0.458973	0.644241	0.714917	0.751426	0.773614	0.15879	0.509269	0.846248	0.936554	0.609619	0.66198	0.769061	0.824097		0.687285	0.784144	0.817846	0.834845	0.84508	0.170272	0.576313	0.968338	1.06623	0.658814	0.737708	0.899546	0.982287
62	1.033333333	2.080141963		0.46227	0.647248	0.717558	0.753822	0.775838	0.157959	0.511411	0.84864	0.938509	0.612695	0.664855	0.771419	0.826104		0.6897	0.785696	0.819019	0.835804	0.845899	0.168789	0.577832	0.968054	1.06423	0.66097	0.739384	0.900148	0.982271
63	1.05	2.063441735		0.46552	0.650186	0.720124	0.756137	0.777987	0.157176	0.513532	0.85092	0.940325	0.615674	0.667642	0.773706	0.828065		0.692059	0.787181	0.820121	0.836693	0.846647	0.167362	0.579337	0.967671	1.06212	0.663019	0.740975	0.900706	0.982251
64	1.066666667	2.047362729		0.468725	0.653057	0.722617	0.75838	0.780056	0.156441	0.515635	0.853091	0.942005	0.618562	0.670343	0.775948	0.829987		0.694349	0.788599	0.821147	0.837514	0.847337	0.16598	0.580819	0.96719	1.05991	0.664963	0.742472	0.901224	0.982207
65	1.083333333	2.031867114		0.471886	0.655861	0.725036	0.760544	0.782048	0.155743	0.517712	0.855154	0.943554	0.621352	0.672961	0.778132	0.831882		0.696573	0.789951	0.822114	0.838262	0.847958	0.164659	0.582294	0.966624	1.05762	0.666813	0.743889	0.901696	0.982138
66	1.1	2.016921138		0.474998	0.658597	0.727381	0.762634	0.783964	0.155076	0.519761	0.857113	0.944977	0.624054	0.675499	0.780254	0.833727		0.698741	0.79124	0.823019	0.838954	0.84851	0.163392	0.583757	0.965977	1.05525	0.668569	0.745227	0.902128	0.982051
67	1.116666667	2.002494582		0.478067	0.661267	0.729657	0.764657	0.78581	0.154444	0.521787	0.858973	0.94628	0.626673	0.67796	0.782314	0.835529		0.700839	0.792462	0.823856	0.839583	0.84901	0.162162	0.585198	0.965244	1.05279	0.670236	0.746483	0.902512	0.981942
68	1.133333333	1.988560281		0.481095	0.663878	0.731864	0.766605	0.787588	0.153844	0.523789	0.860735	0.947464	0.629211	0.680345	0.784317	0.83729		0.702883	0.793621	0.824633	0.840153	0.849446	0.160979	0.586623	0.964436	1.05027	0.67181	0.747665	0.90285	0.981815
69	1.15	1.975093716		0.484078	0.666426	0.734011	0.768491	0.789297	0.153284	0.525773	0.862408	0.94854	0.631669	0.682656	0.78627	0.83901		0.704863	0.794725	0.825353	0.840662	0.849828	0.159838	0.588034	0.963556	1.04767	0.673295	0.748775	0.903153	0.981647
70	1.166666667	1.962072663		0.487016	0.668911	0.736091	0.770307	0.790941	0.152749	0.527731	0.863989	0.949508	0.63405	0.684897	0.788161	0.840683		0.706784	0.795765	0.826017	0.841117	0.850149	0.15874	0.589429	0.962608	1.04502	0.674703	0.749813	0.903408	0.981466
71	1.183333333	1.949476891		0.489914	0.671339	0.738108	0.772064	0.792516	0.152239	0.529662	0.865484	0.950372	0.63636	0.68707	0.789994	0.842314		0.708649	0.796746	0.82662	0.841517	0.850423	0.15767	0.5908	0.96159	1.04231	0.676037	0.750785	0.903615	0.98126
72	1.2	1.937287898		0.492774	0.67371	0.740063	0.773757	0.794034	0.151752	0.53157	0.866893	0.951136	0.638598	0.689174	0.79178	0.843899		0.710458	0.797673	0.82717	0.841866	0.850644	0.156636	0.592155	0.960509	1.03954	0.677292	0.751691	0.903785	0.981018
73	1.216666667	1.925488694		0.495588	0.676024	0.741957	0.775389	0.795489	0.151288	0.533451	0.86822	0.951803	0.640764	0.691214	0.793515	0.845445		0.712213	0.798546	0.827672	0.84216	0.850811	0.155641	0.593496	0.959372	1.03673	0.678473	0.752534	0.903913	0.980753
74	1.233333333	1.914063608		0.498364	0.678282	0.743796	0.776962	0.796887	0.150848	0.535311	0.86947	0.95238	0.642863	0.693192	0.795193	0.846937		0.71391	0.799368	0.82812	0.842409	0.850935	0.154675	0.594816	0.958177	1.03387	0.67958	0.753317	0.904006	0.980461
75	1.25	1.902998122		0.501103	0.680487	0.745579	0.778477	0.798229	0.150436	0.537151	0.870644	0.952868	0.644897	0.695108	0.796827	0.848398		0.715559	0.80014	0.828522	0.842612	0.851012	0.153741	0.59612	0.956931	1.03097	0.680622	0.754041	0.904064	0.980147
76	1.266666667	1.892278738		0.503805	0.682641	0.747308	0.779944	0.799513	0.150043	0.538968	0.871746	0.953271	0.64687	0.696966	0.798408	0.849812		0.717155	0.800859	0.828879	0.842768	0.851044	0.15284	0.597409	0.955635	1.02804	0.681602	0.754709	0.904079	0.979817
77	1.283333333	1.88189285		0.506465	0.684744	0.748982	0.781351	0.800744	0.149668	0.54076	0.872776	0.953593	0.64878	0.698766	0.799937	0.851194		0.718701	0.801535	0.829184	0.842881	0.851033	0.151957	0.598674	0.954287	1.02506	0.682513	0.755323	0.904064	0.979454
78	1.3	1.87182865		0.509089	0.686798	0.750605	0.782708	0.801927	0.149313	0.542531	0.873737	0.953835	0.650633	0.700509	0.801427	0.852519		0.720196	0.802164	0.829453	0.842949	0.850983	0.151112	0.599929	0.9529	1.02207	0.683363	0.755884	0.904018	0.979062
79	1.316666667	1.862075032		0.511681	0.688802	0.752178	0.784016	0.803058	0.148977	0.54428	0.874633	0.954003	0.652426	0.7022	0.802871	0.853821		0.721648	0.802746	0.829678	0.842981	0.850895	0.150291	0.601166	0.951471	1.01905	0.68416	0.756395	0.903934	0.978657
80	1.333333333	1.852621522		0.514234	0.690759	0.753702	0.785275	0.804142	0.148657	0.546007	0.875464	0.954098	0.654164	0.703838	0.804269	0.855074		0.723052	0.803288	0.829859	0.842975	0.850767	0.149489	0.602382	0.949998	1.016	0.684904	0.75686	0.90382	0.978224
81	1.35	1.84345821		0.516753	0.692672	0.755181	0.786487	0.805177	0.148358	0.547715	0.876236	0.954125	0.65585	0.705425	0.805622	0.856293		0.724411	0.803787	0.830005	0.842932	0.850603	0.148717	0.603586	0.948493	1.01293	0.685591	0.757276	0.903674	0.977773
82	1.366666667	1.834575697		0.519237	0.69454	0.756613	0.787651	0.806167	0.148074	0.549402	0.876948	0.954085	0.657482	0.706963	0.806936	0.857475		0.725727	0.804247	0.830117	0.842848	0.850408	0.147973	0.604778	0.946956	1.00985	0.686231	0.757648	0.9035	0.977302
83	1.383333333	1.825965043		0.521689	0.696363	0.758001	0.788776	0.807115	0.147808	0.551071	0.877603	0.953981	0.659066	0.708453	0.808212	0.858625		0.727	0.804671	0.830188	0.842737	0.850177	0.147243	0.605946	0.945382	1.00675	0.686811	0.757979	0.903304	0.976819
84	1.4	1.817617728		0.524111	0.698145	0.759345	0.789855	0.808021	0.147555	0.552718	0.878203	0.953816	0.660598	0.709896	0.809445	0.85973		0.728233	0.805055	0.830228	0.842591	0.849917	0.146542	0.607105	0.943782	1.00364	0.687344	0.758266	0.903076	0.976312
85	1.416666667	1.809525614		0.526496	0.699887	0.760647	0.790893	0.808886	0.147317	0.554345	0.87875	0.953592	0.662079	0.711295	0.810638	0.860811		0.729426	0.805405	0.830234	0.842415	0.849626	0.145859	0.608246	0.942153	1.00052	0.687836	0.758514	0.902822	0.975783
86	1.433333333	1.801680917		0.528851	0.701587	0.761911	0.791889	0.80971	0.147096	0.555957	0.879246	0.953314	0.663517	0.71265	0.811798	0.861851		0.730579	0.805721	0.830208	0.842207	0.849308	0.145197	0.609373	0.940499	0.997396	0.68828	0.758726	0.90255	0.97524
87	1.45	1.794076172		0.531178	0.703248	0.763134	0.792849	0.810496	0.146889	0.557549	0.879694	0.952981	0.664911	0.713962	0.812922	0.862865		0.731695	0.806001	0.830154	0.841973	0.848962	0.144557	0.610487	0.938823	0.994268	0.688684	0.758899	0.90225	0.974683
88	1.466666667	1.786704217		0.533473	0.704872	0.76432	0.793771	0.811245	0.146695	0.559123	0.880094	0.952599	0.666258	0.715234	0.814009	0.863846		0.732775	0.806252	0.83007	0.841712	0.848589	0.143935	0.611586	0.937124	0.991136	0.689045	0.759038	0.901927	0.974108
89	1.483333333	1.779558167		0.535738	0.706459	0.765467	0.794656	0.811961	0.146513	0.560679	0.880448	0.952166	0.667561	0.716466	0.815064	0.864793		0.73382	0.806471	0.829959	0.841424	0.848195	0.143333	0.612672	0.935407	0.988006	0.689368	0.759144	0.901584	0.973526
90	1.5	1.772631396		0.537977	0.70801	0.766578	0.795507	0.81264	0.146343	0.562216	0.880758	0.951686	0.668828	0.717659	0.816085	0.865718		0.734828	0.806661	0.829821	0.841111	0.847775	0.142749	0.613744	0.933672	0.984877	0.689654	0.759217	0.90122	0.972924
91	1.516666667	1.76591752		0.540184	0.709526	0.767655	0.796322	0.813288	0.146186	0.563738	0.881025	0.951162	0.670053	0.718816	0.817072	0.866605		0.735805	0.806825	0.829659	0.840777	0.847333	0.142184	0.614804	0.931922	0.981754	0.689898	0.75926	0.900842	0.972312
92	1.533333333	1.759410383		0.542365	0.711007	0.768699	0.797107	0.8139	0.146044	0.565244	0.881253	0.950597	0.671238	0.719936	0.818032	0.867471		0.736748	0.80696	0.829472	0.840422	0.846872	0.141635	0.61585	0.930157	0.978635	0.690114	0.759272	0.900444	0.97169
93	1.55	1.753104044		0.544523	0.712456	0.769711	0.797857	0.814484	0.145914	0.566735	0.881443	0.949991	0.672388	0.72102	0.81896	0.868306		0.737661	0.807069	0.829261	0.840043	0.846389	0.141101	0.616882	0.928378	0.975523	0.690293	0.759257	0.900026	0.971055
94	1.566666667	1.746992762		0.546649	0.713873	0.770689	0.798579	0.815039	0.145791	0.568208	0.881593	0.949345	0.673502	0.722071	0.819859	0.869121		0.738543	0.807155	0.82903	0.839645	0.845889	0.140587	0.617905	0.926589	0.972421	0.690444	0.759215	0.899596	0.970406
95	1.583333333	1.74107099		0.548748	0.715258	0.771637	0.79927	0.815564	0.145681	0.569666	0.881708	0.948664	0.674583	0.723088	0.820729	0.869903		0.739395	0.807215	0.82878	0.839227	0.84537	0.14009	0.618916	0.924793	0.969332	0.690565	0.759146	0.899148	0.969758
96	1.6	1.735333359		0.550828	0.716611	0.772555	0.799933	0.816061	0.145581	0.571108	0.881788	0.947947	0.675626	0.724073	0.821574	0.870667		0.740218	0.807252	0.828507	0.838793	0.844836	0.139604	0.619913	0.922985	0.966252	0.690647	0.759053	0.898686	0.969094
97	1.616666667	1.729774675		0.55288	0.717937	0.773444	0.800568	0.816531	0.145492	0.572535	0.881835	0.947197	0.676637	0.725028	0.822393	0.871403		0.741015	0.807267	0.828218	0.838342	0.844285	0.139137	0.620901	0.921173	0.963188	0.69071	0.758936	0.89821	0.968423
98	1.633333333	1.724389908		0.554905	0.719233	0.774307	0.801175	0.816975	0.145415	0.57395	0.881852	0.946417	0.677618	0.725952	0.823183	0.872117		0.741784	0.807261	0.827909	0.837875	0.843718	0.138682	0.621877	0.919354	0.960138	0.690739	0.758797	0.89772	0.967742
99	1.65	1.719174181		0.556909	0.7205	0.775142	0.801758	0.817396	0.145347	0.57535	0.881837	0.945606	0.678566	0.726847	0.823949	0.872809		0.742526	0.807237	0.827583	0.837391	0.843141	0.13824	0.62284	0.91753	0.957103	0.69074	0.758636	0.89722	0.967059
100	1.666666667	1.714122771		0.558891	0.721741	0.77595	0.802316	0.817792	0.145288	0.576736	0.881793	0.944767	0.679486	0.727715	0.824692	0.873483		0.743244	0.807192	0.827243	0.836895	0.842548	0.137815	0.623796	0.915705	0.954088	0.690717	0.758455	0.89671	0.966368
101	1.683333333	1.709231095		0.560844	0.722955	0.776733	0.80285	0.818164	0.145238	0.578108	0.88172	0.943902	0.680374	0.728555	0.825412	0.874129		0.743937	0.807128	0.826886	0.836385	0.841944	0.137402	0.624739	0.913877	0.95109	0.690669	0.758254	0.896187	0.965672
102	1.7	1.704494708		0.56278	0.724143	0.777491	0.803358	0.818515	0.145197	0.579468	0.881621	0.943011	0.681235	0.729368	0.82611	0.87476		0.744606	0.807049	0.826514	0.835863	0.841328	0.137	0.625672	0.912046	0.948111	0.690603	0.758034	0.895657	0.964971
103	1.716666667	1.699909294		0.564695	0.725305	0.778226	0.803847	0.818843	0.145166	0.580814	0.881496	0.942097	0.682067	0.730156	0.826786	0.875367		0.745253	0.806952	0.826132	0.835328	0.840703	0.136616	0.626598	0.91022	0.945156	0.690516	0.757798	0.895117	0.964262
104	1.733333333	1.695470666		0.566585	0.726443	0.778938	0.804313	0.819152	0.145142	0.582147	0.881347	0.941161	0.682873	0.730919	0.82744	0.87596		0.745877	0.806838	0.825736	0.834784	0.840068	0.136241	0.627513	0.908392	0.942221	0.690408	0.757543	0.894568	0.963553
105	1.75	1.691174756		0.568453	0.727558	0.779628	0.804757	0.819441	0.145128	0.583469	0.881175	0.940205	0.683653	0.731657	0.828073	0.876532		0.74648	0.806709	0.825325	0.834229	0.839421	0.135877	0.628416	0.906566	0.939306	0.690277	0.757273	0.894011	0.96284
106	1.766666667	1.687017613		0.570303	0.728649	0.780295	0.805182	0.819712	0.145122	0.584778	0.88098	0.939228	0.68441	0.732373	0.828689	0.877086		0.747061	0.806566	0.824905	0.833664	0.83877	0.135526	0.629312	0.904744	0.936417	0.690128	0.756989	0.893446	0.962121
107	1.783333333	1.682995396		0.572134	0.729717	0.780942	0.805588	0.819962	0.145123	0.586076	0.880763	0.938233	0.685144	0.733066	0.829283	0.877625		0.747623	0.806409	0.824475	0.83309	0.83811	0.135186	0.630199	0.902926	0.933551	0.689958	0.756689	0.892874	0.961403
108	1.8	1.679104376		0.573941	0.730764	0.781568	0.805975	0.820196	0.145131	0.58736	0.880526	0.93722	0.685853	0.733737	0.829859	0.878145		0.748165	0.80624	0.824033	0.832508	0.837441	0.134857	0.631077	0.901112	0.93071	0.68978	0.756375	0.892299	0.960685
109	1.816666667	1.675340923		0.575729	0.731789	0.782176	0.806343	0.820413	0.145148	0.588635	0.880269	0.936192	0.686536	0.734387	0.830417	0.87865		0.748688	0.806056	0.823584	0.831921	0.836768	0.134539	0.631947	0.899304	0.927894	0.689587	0.75605	0.891716	0.959964
110	1.833333333	1.671701511		0.577502	0.732793	0.782764	0.806695	0.820614	0.145172	0.589898	0.879994	0.935149	0.687201	0.735017	0.830959	0.879138		0.749193	0.805862	0.823125	0.831325	0.836088	0.13423	0.632807	0.897502	0.925105	0.689378	0.755712	0.891128	0.959238
111	1.85	1.668182706		0.579253	0.733778	0.783334	0.80703	0.820799	0.145202	0.59115	0.879701	0.934092	0.687845	0.735626	0.831485	0.879615		0.74968	0.805657	0.822659	0.830722	0.835404	0.133933	0.633661	0.895708	0.922342	0.689157	0.755362	0.890538	0.958514
112	1.866666667	1.664781173		0.580984	0.734742	0.783886	0.807348	0.820969	0.14524	0.592392	0.879392	0.933023	0.68847	0.736217	0.831993	0.880073		0.75015	0.805441	0.822184	0.830114	0.834715	0.133645	0.634505	0.893921	0.919606	0.688921	0.755002	0.889942	0.957791
113	1.883333333	1.661493662		0.582701	0.735687	0.78442	0.807651	0.821125	0.145283	0.593623	0.879066	0.931942	0.689075	0.736789	0.832486	0.880521		0.750604	0.805214	0.821703	0.829502	0.834021	0.133367	0.635342	0.892142	0.916898	0.688664	0.754632	0.889343	0.957067
114	1.9	1.658317012		0.584398	0.736614	0.784939	0.807939	0.821267	0.145333	0.594843	0.878726	0.93085	0.68966	0.737343	0.832964	0.880954		0.751041	0.804978	0.821215	0.828885	0.833327	0.133097	0.636171	0.890372	0.914218	0.688398	0.754252	0.888741	0.956342
115	1.916666667	1.655248147		0.586078	0.737523	0.785442	0.808213	0.821397	0.145391	0.596055	0.878371	0.929749	0.690225	0.73788	0.833427	0.881373		0.751463	0.804733	0.820722	0.828264	0.832627	0.132837	0.636993	0.888612	0.911567	0.688119	0.753863	0.888134	0.95562
116	1.933333333	1.65228407		0.58774	0.738414	0.785929	0.808472	0.821513	0.145455	0.597256	0.878003	0.928639	0.690775	0.7384	0.833877	0.881781		0.75187	0.804481	0.820224	0.827638	0.831925	0.132587	0.637808	0.886863	0.908945	0.687829	0.753466	0.887529	0.954898
117	1.95	1.649421865		0.589384	0.739287	0.786401	0.80872	0.821617	0.145523	0.598447	0.877621	0.927521	0.691306	0.738904	0.834313	0.882177		0.752263	0.80422	0.819721	0.827011	0.831221	0.132344	0.638616	0.885124	0.906352	0.687527	0.753061	0.88692	0.954178
118	1.966666667	1.64665869		0.591016	0.740145	0.786858	0.808953	0.82171	0.145597	0.599629	0.877228	0.926396	0.691818	0.739392	0.834735	0.88256		0.752641	0.803951	0.819212	0.82638	0.830516	0.132108	0.639415	0.883395	0.903788	0.687213	0.752649	0.886309	0.953461
119	1.983333333	1.643991778		0.592632	0.740986	0.787302	0.809175	0.821791	0.145677	0.600801	0.876823	0.925265	0.692316	0.739865	0.835145	0.882932		0.753006	0.803676	0.818702	0.825747	0.82981	0.131883	0.64021	0.88168	0.901255	0.686889	0.752231	0.885699	0.952742
120	2	1.641418434		0.594225	0.741811	0.787731	0.809385	0.821863	0.145763	0.601964	0.876407	0.924127	0.692801	0.740324	0.835543	0.883292		0.753358	0.803394	0.818187	0.825113	0.829102	0.131664	0.640996	0.879975	0.898752	0.686558	0.751806	0.885088	0.95203
121	2.016666667	1.638936029		0.595809	0.742621	0.788149	0.809583	0.821924	0.145855	0.603119	0.875981	0.922986	0.693268	0.740768	0.835929	0.883645		0.753698	0.803106	0.817668	0.824477	0.828396	0.131452	0.641776	0.878283	0.896278	0.68622	0.751376	0.884476	0.951319
122	2.033333333	1.636542006		0.597377	0.743415	0.788553	0.809771	0.821976	0.145951	0.604266	0.875546	0.921841	0.693722	0.741198	0.836303	0.883986		0.754025	0.802812	0.817148	0.82384	0.827689	0.13125	0.642551	0.876605	0.893837	0.685874	0.75094	0.883865	0.95061
123	2.05	1.634233867		0.598927	0.744196	0.788945	0.809948	0.822018	0.146052	0.605403	0.875101	0.920693	0.69416	0.741616	0.836667	0.884317		0.754341	0.802513	0.816625	0.823203	0.826981	0.131053	0.643318	0.87494	0.891425	0.685516	0.7505	0.883252	0.949903
124	2.066666667	1.632009183		0.600464	0.744962	0.789326	0.810116	0.822051	0.146158	0.606531	0.874649	0.919542	0.694582	0.74202	0.83702	0.884639		0.754645	0.80221	0.8161	0.822565	0.826276	0.130864	0.64408	0.873288	0.889044	0.685153	0.750055	0.882642	0.949204
125	2.083333333	1.62986558		0.601988	0.745715	0.789695	0.810273	0.822076	0.146268	0.607652	0.874188	0.918388	0.694992	0.742413	0.837364	0.884952		0.754938	0.801902	0.815574	0.821928	0.825571	0.130682	0.644836	0.871651	0.886695	0.684784	0.749607	0.882033	0.948507
126	2.1	1.627800749		0.603495	0.746453	0.790054	0.810421	0.822093	0.146384	0.608764	0.87372	0.917234	0.695388	0.742793	0.837696	0.885255		0.755221	0.801589	0.815046	0.821291	0.824868	0.130506	0.645585	0.870027	0.884375	0.684406	0.749155	0.881424	0.947812
127	2.116666667	1.625812435		0.60499	0.74718	0.790401	0.810561	0.822104	0.146504	0.609869	0.873246	0.916079	0.695776	0.743162	0.83802	0.885551		0.755493	0.801274	0.814517	0.820654	0.824166	0.130336	0.646328	0.868417	0.882087	0.684027	0.748699	0.880818	0.947122
128	2.133333333	1.623898439		0.606473	0.747893	0.790739	0.810692	0.822106	0.146629	0.610966	0.872765	0.914925	0.696152	0.743519	0.838334	0.88584		0.755756	0.800954	0.813989	0.820019	0.823467	0.130174	0.647067	0.866824	0.879831	0.68364	0.748242	0.880213	0.946436
129	2.15	1.622056617		0.607937	0.748595	0.791067	0.810816	0.822101	0.146758	0.612056	0.872279	0.913771	0.69652	0.743867	0.838639	0.88612		0.756009	0.800631	0.81346	0.819385	0.822771	0.130016	0.647799	0.865244	0.877605	0.683255	0.747782	0.87961	0.945754
130	2.166666667	1.620284879		0.609391	0.749283	0.791385	0.810931	0.822091	0.14689	0.613137	0.871787	0.912617	0.696874	0.744204	0.838937	0.886393		0.756253	0.800306	0.81293	0.818753	0.822075	0.129865	0.648527	0.86368	0.875411	0.682864	0.747319	0.87901	0.945077
131	2.183333333	1.618581183		0.610835	0.749961	0.791694	0.81104	0.822074	0.147026	0.614211	0.871291	0.911465	0.697217	0.74453	0.839226	0.886659		0.756489	0.799978	0.812401	0.818122	0.821384	0.129719	0.649248	0.862132	0.873248	0.682471	0.746855	0.878411	0.944405
132	2.2	1.616943539		0.612263	0.750627	0.791995	0.81114	0.822051	0.147167	0.615278	0.87079	0.910315	0.697548	0.744847	0.839506	0.886917		0.756716	0.799648	0.811873	0.817494	0.820696	0.129579	0.649965	0.860599	0.871116	0.682073	0.74639	0.877815	0.943737
133	2.216666667	1.615370005		0.613676	0.751282	0.792287	0.811235	0.822023	0.147311	0.616338	0.870286	0.909169	0.697873	0.745155	0.83978	0.887169		0.756934	0.799316	0.811346	0.816868	0.820011	0.129444	0.650676	0.859082	0.869015	0.681673	0.745923	0.877223	0.943077
134	2.233333333	1.613858685		0.615081	0.751927	0.792571	0.811323	0.821989	0.14746	0.617391	0.869778	0.908024	0.698188	0.745454	0.840047	0.887415		0.757145	0.798983	0.810819	0.816245	0.819329	0.129315	0.651383	0.857581	0.866944	0.681263	0.745456	0.876634	0.942421
135	2.25	1.61240773		0.616473	0.752561	0.792847	0.811405	0.821951	0.147611	0.618437	0.869266	0.906883	0.698494	0.745744	0.840305	0.887655		0.757349	0.798648	0.810295	0.815625	0.818652	0.129191	0.652085	0.856097	0.864905	0.68085	0.744988	0.876047	0.941767
136	2.266666667	1.611015333		0.617852	0.753184	0.793115	0.811481	0.821908	0.147766	0.619477	0.868752	0.905746	0.698788	0.746026	0.840557	0.887888		0.757545	0.798312	0.809772	0.815008	0.817978	0.129071	0.652782	0.854629	0.862897	0.680438	0.74452	0.875465	0.941122
137	2.283333333	1.609679734		0.619218	0.753798	0.793376	0.811551	0.821861	0.147924	0.620509	0.868236	0.904613	0.699077	0.7463	0.840803	0.888116		0.757733	0.797975	0.80925	0.814393	0.817308	0.128957	0.653474	0.853177	0.86092	0.680026	0.744052	0.874887	0.940482
138	2.3	1.608399212		0.620575	0.754402	0.793631	0.811617	0.821809	0.148086	0.621536	0.867717	0.903485	0.699356	0.746566	0.841043	0.888339		0.757915	0.797638	0.808731	0.813783	0.816643	0.128847	0.654162	0.851742	0.858973	0.679616	0.743585	0.874312	0.939848
139	2.316666667	1.607172087		0.62192	0.754997	0.793878	0.811677	0.821754	0.148251	0.622556	0.867197	0.902362	0.699625	0.746824	0.841277	0.888557		0.758092	0.797299	0.808213	0.813175	0.815982	0.128741	0.654844	0.850322	0.857056	0.679209	0.743118	0.87374	0.939219
140	2.333333333	1.605996721		0.623251	0.755583	0.794119	0.811733	0.821695	0.148419	0.623569	0.866676	0.901244	0.699885	0.747076	0.841505	0.888769		0.758261	0.796961	0.807698	0.812572	0.815325	0.12864	0.655522	0.84892	0.855169	0.678799	0.742651	0.873172	0.938595
141	2.35	1.604871512		0.624576	0.75616	0.794353	0.811783	0.821633	0.148589	0.624576	0.866153	0.900131	0.70014	0.747321	0.841727	0.888977		0.758424	0.796623	0.807186	0.811972	0.814674	0.128544	0.656197	0.847535	0.853314	0.678387	0.742186	0.872609	0.937979
142	2.366666667	1.603794897		0.625888	0.756728	0.794581	0.81183	0.821568	0.148762	0.625577	0.865629	0.899024	0.700386	0.747558	0.841944	0.88918		0.758582	0.796284	0.806676	0.811377	0.814027	0.128451	0.656866	0.846166	0.851486	0.677972	0.741721	0.872051	0.937367
143	2.383333333	1.60276535		0.627185	0.757288	0.794804	0.811873	0.821499	0.148939	0.626572	0.865105	0.897924	0.700624	0.74779	0.842155	0.889379		0.758734	0.795946	0.806169	0.810786	0.813386	0.128362	0.657531	0.844814	0.84969	0.677557	0.741259	0.871496	0.936762
144	2.4	1.601781381		0.628477	0.757839	0.795021	0.811911	0.821428	0.149118	0.627561	0.864581	0.89683	0.700857	0.748015	0.842362	0.889573		0.758881	0.795609	0.805665	0.810199	0.812749	0.128278	0.658193	0.843479	0.847923	0.677141	0.740797	0.870946	0.936163
145	2.416666667	1.600841534		0.629757	0.758383	0.795233	0.811946	0.821355	0.1493	0.628544	0.864057	0.895743	0.701084	0.748234	0.842564	0.889764		0.759023	0.795272	0.805164	0.809616	0.812118	0.128196	0.658849	0.842161	0.846185	0.676721	0.740337	0.870401	0.93557
146	2.433333333	1.599944386		0.631027	0.758919	0.795439	0.811977	0.821279	0.149484	0.629521	0.863533	0.894663	0.701304	0.748448	0.842761	0.88995		0.759159	0.794936	0.804666	0.809038	0.811492	0.128118	0.659502	0.840859	0.844476	0.676306	0.73988	0.86986	0.934984
147	2.45	1.599088551		0.632286	0.759447	0.795641	0.812006	0.821201	0.149671	0.630493	0.86301	0.893589	0.701521	0.748656	0.842955	0.890133		0.759292	0.794601	0.804172	0.808465	0.810872	0.128044	0.660151	0.839575	0.842796	0.675893	0.739424	0.869325	0.934403
148	2.466666667	1.598272671		0.633534	0.759968	0.795837	0.812031	0.821121	0.149859	0.631459	0.862487	0.892524	0.701729	0.748859	0.843144	0.890313		0.759419	0.794267	0.803681	0.807897	0.810257	0.127973	0.660795	0.838307	0.841144	0.675476	0.73897	0.868794	0.933828
149	2.483333333	1.59749542		0.634776	0.760481	0.796029	0.812053	0.821039	0.150051	0.632419	0.861965	0.891466	0.701934	0.749057	0.843329	0.890488		0.759542	0.793935	0.803194	0.807333	0.809648	0.127906	0.661436	0.837056	0.839522	0.675067	0.738519	0.868267	0.933262
150	2.5	1.596755506		0.636007	0.760988	0.796217	0.812072	0.820956	0.150244	0.633374	0.861445	0.890416	0.702133	0.74925	0.84351	0.890661		0.759661	0.793604	0.802711	0.806774	0.809045	0.127842	0.662073	0.835822	0.837926	0.674657	0.738071	0.867747	0.932701
151	2.516666667	1.596051664		0.637225	0.761488	0.796401	0.812089	0.820871	0.15044	0.634324	0.860926	0.889374	0.702323	0.749438	0.843687	0.89083		0.759776	0.793274	0.802231	0.806221	0.808447	0.127781	0.662706	0.834604	0.836359	0.674249	0.737624	0.86723	0.932146
152	2.533333333	1.595382658		0.638436	0.76198	0.79658	0.812104	0.820785	0.150638	0.635268	0.860409	0.88834	0.702508	0.749621	0.843861	0.890997		0.759887	0.792946	0.801755	0.805672	0.807855	0.127723	0.663336	0.833403	0.83482	0.673843	0.737181	0.86672	0.931598
153	2.55	1.594747281		0.639641	0.762467	0.796755	0.812115	0.820697	0.150838	0.636207	0.859893	0.887315	0.702686	0.7498	0.844031	0.891161		0.759994	0.79262	0.801283	0.805128	0.80727	0.127667	0.663961	0.832219	0.833308	0.673438	0.736741	0.866214	0.931056
154	2.566666667	1.594144355		0.640833	0.762947	0.796927	0.812126	0.820609	0.151039	0.63714	0.859379	0.886297	0.70286	0.749975	0.844198	0.891321		0.760098	0.792295	0.800815	0.80459	0.806689	0.127614	0.664583	0.831051	0.831822	0.673029	0.736303	0.865713	0.93052
155	2.583333333	1.593572727		0.642015	0.763421	0.797095	0.812133	0.820519	0.151243	0.638069	0.858867	0.885289	0.703032	0.750146	0.844361	0.891479		0.760199	0.791972	0.800351	0.804057	0.806115	0.127564	0.665201	0.8299	0.830363	0.672624	0.735868	0.865218	0.92999
156	2.6	1.593031273		0.643193	0.763889	0.797259	0.812139	0.820429	0.151448	0.638992	0.858357	0.88429	0.7032	0.750313	0.844522	0.891635		0.760295	0.791651	0.799892	0.803529	0.805547	0.127517	0.665816	0.828765	0.828931	0.672223	0.735437	0.864728	0.929467
157	2.616666667	1.592518891		0.644359	0.764351	0.797421	0.812144	0.820338	0.151655	0.639911	0.85785	0.883299	0.703366	0.750476	0.84468	0.891788		0.76039	0.791333	0.799437	0.803007	0.804986	0.127472	0.666427	0.827646	0.827525	0.671825	0.735009	0.864242	0.928951
158	2.633333333	1.592034508		0.645514	0.764807	0.797578	0.812146	0.820247	0.151864	0.640824	0.857346	0.882318	0.703529	0.750636	0.844835	0.891939		0.76048	0.791016	0.798985	0.80249	0.80443	0.127429	0.667035	0.826544	0.826145	0.67143	0.734584	0.863763	0.928441
159	2.65	1.591577074		0.646665	0.765258	0.797733	0.812147	0.820155	0.152074	0.641732	0.856844	0.881345	0.70369	0.750792	0.844987	0.892087		0.760569	0.790702	0.798538	0.801978	0.80388	0.127389	0.667639	0.825458	0.824791	0.671039	0.734162	0.863289	0.927938
160	2.666666667	1.591145561		0.647806	0.765703	0.797885	0.812147	0.820063	0.152286	0.642636	0.856344	0.880382	0.703847	0.750945	0.845137	0.892233		0.760654	0.79039	0.798096	0.801472	0.803336	0.127351	0.66824	0.824387	0.823462	0.670647	0.733744	0.86282	0.92744
161	2.683333333	1.590738968		0.648937	0.766143	0.798034	0.812145	0.81997	0.152499	0.643535	0.855848	0.879429	0.704	0.751095	0.845284	0.892377		0.760737	0.790081	0.797658	0.800972	0.802799	0.127315	0.668837	0.823333	0.822157	0.670256	0.73333	0.862357	0.926948
162	2.7	1.590356315		0.650063	0.766578	0.79818	0.812142	0.819877	0.152714	0.644429	0.855355	0.878484	0.704151	0.751241	0.845429	0.89252		0.760817	0.789774	0.797224	0.800476	0.802267	0.127281	0.669431	0.822294	0.820877	0.669866	0.732919	0.861898	0.926464
163	2.716666667	1.589996643		0.651179	0.767007	0.798324	0.812139	0.819784	0.15293	0.645318	0.854864	0.877549	0.704298	0.751385	0.845571	0.89266		0.760895	0.789469	0.796795	0.799986	0.801742	0.12725	0.670021	0.821271	0.819622	0.669481	0.732511	0.861445	0.925986
164	2.733333333	1.589659018		0.652285	0.767432	0.798465	0.812133	0.819691	0.153148	0.646203	0.854378	0.876623	0.704441	0.751526	0.845712	0.892799		0.76097	0.789167	0.79637	0.799502	0.801223	0.12722	0.670608	0.820264	0.81839	0.669107	0.732108	0.860998	0.925513
165	2.75	1.589342525		0.653387	0.767851	0.798603	0.812127	0.819598	0.153367	0.647083	0.853894	0.875707	0.704583	0.751664	0.84585	0.892935		0.761044	0.788867	0.79595	0.799023	0.800709	0.127191	0.671192	0.819272	0.817183	0.668736	0.731708	0.860555	0.925047
166	2.766666667	1.589046271		0.65448	0.768266	0.79874	0.81212	0.819505	0.153587	0.647958	0.853413	0.8748	0.70472	0.751799	0.845986	0.89307		0.761115	0.78857	0.795534	0.79855	0.800202	0.127165	0.671773	0.818295	0.815999	0.668366	0.731312	0.860118	0.924587
167	2.783333333	1.588769381		0.655564	0.768676	0.798873	0.812113	0.819412	0.153808	0.648829	0.852937	0.873904	0.704852	0.751932	0.84612	0.893203		0.761184	0.788276	0.795123	0.798082	0.799701	0.12714	0.67235	0.817333	0.814837	0.667998	0.730919	0.859686	0.924133
168	2.8	1.588511003		0.656639	0.769081	0.799005	0.812104	0.81932	0.15403	0.649695	0.852463	0.873016	0.704979	0.752062	0.846252	0.893335		0.761251	0.787984	0.794716	0.79762	0.799207	0.127117	0.672923	0.816386	0.813698	0.667633	0.73053	0.859259	0.923685
169	2.816666667	1.588270303		0.65771	0.769482	0.799135	0.812095	0.819228	0.154253	0.650557	0.851993	0.872139	0.705103	0.75219	0.846382	0.893465		0.761316	0.787695	0.794313	0.797163	0.798718	0.127095	0.673494	0.815454	0.812582	0.66727	0.730146	0.858838	0.923243
170	2.833333333	1.588046466		0.658774	0.769879	0.799262	0.812086	0.819136	0.154477	0.651414	0.851527	0.871271	0.705225	0.752316	0.846511	0.893594		0.761379	0.787409	0.793916	0.796711	0.798235	0.127075	0.674062	0.814537	0.811487	0.666909	0.729765	0.858422	0.922807
171	2.85	1.587838695		0.659825	0.770271	0.799388	0.812075	0.819044	0.154703	0.652267	0.851064	0.870412	0.705345	0.75244	0.846638	0.893721		0.761441	0.787125	0.793522	0.796265	0.797758	0.127056	0.674626	0.813635	0.810415	0.666549	0.729388	0.858011	0.922377
172	2.866666667	1.587646212		0.660872	0.770659	0.799511	0.812065	0.818953	0.154929	0.653115	0.850605	0.869563	0.705463	0.752561	0.846763	0.893847		0.761501	0.786845	0.793134	0.795825	0.797287	0.127039	0.675187	0.812746	0.809364	0.666191	0.729015	0.857605	0.921952
173	2.883333333	1.587468256		0.661915	0.771043	0.799633	0.812054	0.818863	0.155156	0.653959	0.850151	0.868724	0.70558	0.752681	0.846886	0.893972		0.761559	0.786567	0.792749	0.79539	0.796822	0.127022	0.675745	0.811872	0.808334	0.66584	0.728646	0.857204	0.921533
174	2.9	1.587304085		0.662945	0.771423	0.799753	0.812042	0.818772	0.155384	0.654799	0.849699	0.867895	0.705694	0.752798	0.847008	0.894095		0.761616	0.786291	0.792369	0.79496	0.796363	0.127007	0.676299	0.811012	0.807325	0.665493	0.72828	0.856808	0.921121
175	2.916666667	1.587152972		0.663971	0.771798	0.799871	0.81203	0.818683	0.155612	0.655634	0.849252	0.867075	0.705807	0.752914	0.847129	0.894217		0.761671	0.786019	0.791994	0.794535	0.795909	0.126993	0.676851	0.810166	0.806336	0.665147	0.727919	0.856417	0.920714
176	2.933333333	1.587014207		0.664991	0.77217	0.799988	0.812018	0.818594	0.155842	0.656465	0.848808	0.866265	0.70592	0.753027	0.847247	0.894337		0.761725	0.785749	0.791622	0.794115	0.795462	0.12698	0.677399	0.809334	0.805367	0.664804	0.727562	0.856031	0.920312
177	2.95	1.586887097		0.666002	0.772538	0.800103	0.812005	0.818505	0.156072	0.657292	0.848369	0.865465	0.70603	0.753139	0.847365	0.894457		0.761777	0.785482	0.791256	0.793701	0.79502	0.126969	0.677944	0.808515	0.804418	0.664465	0.727208	0.85565	0.919915
178	2.966666667	1.586770965		0.667006	0.772902	0.800216	0.811992	0.818418	0.156302	0.658114	0.847933	0.864674	0.706139	0.75325	0.847481	0.894575		0.761828	0.785218	0.790894	0.793292	0.794584	0.126958	0.678486	0.80771	0.803489	0.664127	0.726859	0.855274	0.919525
179	2.983333333	1.586665148		0.668005	0.773262	0.800328	0.81198	0.818331	0.156534	0.658933	0.847502	0.863892	0.706247	0.753358	0.847596	0.894692		0.761879	0.784957	0.790536	0.792888	0.794154	0.126948	0.679026	0.806918	0.802578	0.663793	0.726513	0.854903	0.919139
180	3	1.586568999		0.668995	0.773619	0.800438	0.811966	0.818244	0.156766	0.659747	0.847074	0.86312	0.706352	0.753465	0.847709	0.894808		0.761927	0.784698	0.790182	0.79249	0.793729	0.126939	0.679561	0.806139	0.801687	0.663462	0.726171	0.854537	0.918759
181	3.016666667	1.586481886		0.66998	0.773972	0.800547	0.811953	0.818159	0.156998	0.660556	0.846651	0.862358	0.706455	0.753571	0.847821	0.894922		0.761975	0.784443	0.789833	0.792096	0.793309	0.126931	0.680094	0.805372	0.800814	0.663137	0.725833	0.854175	0.918384
182	3.033333333	1.586403193		0.670957	0.774322	0.800655	0.81194	0.818074	0.157231	0.661362	0.846231	0.861605	0.706556	0.753675	0.847932	0.895036		0.762021	0.78419	0.789488	0.791707	0.792895	0.126923	0.680624	0.804619	0.799959	0.662814	0.725499	0.853818	0.918014
183	3.05	1.586332315		0.671928	0.774667	0.800761	0.811926	0.817989	0.157465	0.662164	0.845815	0.860861	0.706655	0.753777	0.848041	0.895148		0.762066	0.783939	0.789146	0.791323	0.792486	0.126916	0.68115	0.803878	0.799121	0.662493	0.725169	0.853465	0.917649
184	3.066666667	1.586268664		0.672893	0.77501	0.800866	0.811912	0.817906	0.157699	0.662961	0.845404	0.860127	0.706755	0.753878	0.84815	0.89526		0.76211	0.783692	0.78881	0.790944	0.792084	0.12691	0.681674	0.803149	0.798302	0.662173	0.724842	0.853118	0.917289
185	3.083333333	1.586211664		0.673851	0.775349	0.800969	0.811899	0.817823	0.157933	0.663754	0.844996	0.859401	0.706854	0.753978	0.848257	0.89537		0.762153	0.783447	0.788477	0.79057	0.791686	0.126905	0.682194	0.802433	0.797499	0.661858	0.72452	0.852774	0.916934
186	3.1	1.586160751		0.6748	0.775685	0.801071	0.811885	0.81774	0.158168	0.664544	0.844592	0.858685	0.706953	0.754076	0.848363	0.89548		0.762195	0.783205	0.788148	0.790201	0.791293	0.1269	0.682711	0.801729	0.796714	0.661547	0.724201	0.852435	0.916584
187	3.116666667	1.586115378		0.675746	0.776017	0.801172	0.811871	0.817659	0.158403	0.665329	0.844192	0.857978	0.70705	0.754173	0.848467	0.895588		0.762236	0.782965	0.787824	0.789837	0.790905	0.126896	0.683225	0.801036	0.795945	0.661243	0.723886	0.8521	0.916238
188	3.133333333	1.586075007		0.676687	0.776346	0.801272	0.811857	0.817578	0.158638	0.66611	0.843796	0.857279	0.707146	0.754268	0.848571	0.895695		0.762275	0.782728	0.787503	0.789476	0.790523	0.126892	0.683736	0.800355	0.795192	0.660941	0.723574	0.85177	0.915897
189	3.15	1.586039114		0.677617	0.776672	0.80137	0.811843	0.817498	0.158874	0.666887	0.843404	0.85659	0.707238	0.754363	0.848673	0.895801		0.762314	0.782494	0.787186	0.789121	0.790145	0.126888	0.684244	0.799686	0.794454	0.660641	0.723266	0.851443	0.91556
190	3.166666667	1.586007188		0.678543	0.776994	0.801467	0.811829	0.817419	0.159109	0.667659	0.843017	0.85591	0.707331	0.754456	0.848774	0.895906		0.762352	0.782262	0.786873	0.78877	0.789773	0.126885	0.684749	0.799028	0.793733	0.660345	0.722962	0.851121	0.915229
191	3.183333333	1.585978728		0.679465	0.777314	0.801563	0.811815	0.81734	0.159345	0.668428	0.842633	0.855239	0.707422	0.754548	0.848875	0.89601		0.762389	0.782033	0.786564	0.788424	0.789405	0.126882	0.685251	0.798381	0.793027	0.660056	0.722661	0.850803	0.914901
192	3.2	1.585953248		0.680378	0.77763	0.801658	0.811801	0.817263	0.159581	0.669193	0.842252	0.854576	0.707512	0.754638	0.848973	0.896113		0.762425	0.781806	0.786259	0.788082	0.789042	0.12688	0.685749	0.797744	0.792336	0.659771	0.722364	0.850489	0.914578
193	3.216666667	1.585930269		0.681285	0.777943	0.801752	0.811787	0.817185	0.159818	0.669954	0.841876	0.853921	0.7076	0.754728	0.849071	0.896215		0.762461	0.781581	0.785957	0.787744	0.788683	0.126877	0.686244	0.797119	0.79166	0.659486	0.722071	0.850179	0.914258
194	3.233333333	1.585909327		0.682186	0.778253	0.801844	0.811773	0.817109	0.160054	0.67071	0.841503	0.853275	0.707686	0.754816	0.849168	0.896315		0.762495	0.781359	0.785659	0.787411	0.78833	0.126875	0.686736	0.796504	0.790997	0.659202	0.72178	0.849872	0.913943
195	3.25	1.585889967		0.683082	0.77856	0.801935	0.811759	0.817033	0.160291	0.671463	0.841134	0.852638	0.707771	0.754903	0.849263	0.896415		0.762528	0.78114	0.785365	0.787082	0.787981	0.126874	0.687225	0.795899	0.790349	0.658922	0.721493	0.84957	0.913632
196	3.266666667	1.585871746		0.683972	0.778864	0.802026	0.811744	0.816957	0.160527	0.672211	0.840769	0.852009	0.707856	0.754989	0.849358	0.896514		0.762561	0.780923	0.785074	0.786756	0.787636	0.126872	0.687711	0.795305	0.789715	0.658647	0.72121	0.849271	0.913325
197	3.283333333	1.585854231		0.684854	0.779164	0.802115	0.81173	0.816883	0.160764	0.672956	0.840407	0.851388	0.707941	0.755074	0.849451	0.896611		0.762592	0.780707	0.784786	0.786435	0.787295	0.12687	0.688194	0.79472	0.789094	0.658377	0.72093	0.848976	0.913021
198	3.3	1.585836999		0.685733	0.779462	0.802202	0.811716	0.816809	0.161	0.673696	0.84005	0.850775	0.708023	0.755157	0.849543	0.896707		0.762623	0.780495	0.784502	0.786118	0.78696	0.126869	0.688674	0.794145	0.788486	0.658113	0.720653	0.848684	0.912721
199	3.316666667	1.585819638		0.686603	0.779757	0.802289	0.811701	0.816735	0.161237	0.674433	0.839695	0.85017	0.708105	0.75524	0.849634	0.896803		0.762653	0.780284	0.784221	0.785805	0.786628	0.126867	0.68915	0.79358	0.787891	0.657854	0.720379	0.848395	0.912426
200	3.333333333	1.585801745		0.687469	0.780049	0.802374	0.811686	0.816662	0.161473	0.675165	0.839345	0.849574	0.708184	0.755321	0.849723	0.896897		0.762681	0.780076	0.783943	0.785495	0.7863	0.126866	0.689624	0.793025	0.787309	0.657598	0.720109	0.84811	0.912133
201	3.35	1.585782927		0.68833	0.780337	0.802459	0.811672	0.81659	0.16171	0.675894	0.838998	0.848984	0.708264	0.755402	0.849812	0.896989		0.76271	0.77987	0.783669	0.785189	0.785976	0.126865	0.690094	0.792478	0.786739	0.657342	0.719841	0.847829	0.911843
202	3.366666667	1.585762802		0.689182	0.780623	0.802542	0.811657	0.816517	0.161946	0.676618	0.838654	0.848403	0.708342	0.755481	0.849899	0.897081		0.762737	0.779665	0.783397	0.784887	0.785656	0.126863	0.69056	0.791941	0.786181	0.657089	0.719577	0.84755	0.911558
203	3.383333333	1.585740995		0.69003	0.780906	0.802624	0.811641	0.816446	0.162182	0.677338	0.838314	0.84783	0.708419	0.755559	0.849985	0.897171		0.762763	0.779463	0.783129	0.784588	0.785341	0.126861	0.691024	0.791412	0.785634	0.656839	0.719316	0.847275	0.911275
204	3.4	1.585717142		0.690875	0.781186	0.802705	0.811626	0.816375	0.162418	0.678055	0.837977	0.847263	0.708495	0.755636	0.85007	0.897261		0.762788	0.779263	0.782864	0.784293	0.785029	0.12686	0.691484	0.790892	0.785099	0.656591	0.719057	0.847003	0.910996
205	3.416666667	1.585690886		0.691711	0.781463	0.802784	0.811611	0.816304	0.162654	0.678767	0.837643	0.846704	0.70857	0.755711	0.850154	0.897349		0.762813	0.779065	0.782601	0.784002	0.78472	0.126858	0.691942	0.790381	0.784576	0.656346	0.718802	0.846733	0.910719
206	3.433333333	1.585661881		0.692539	0.781738	0.802863	0.811595	0.816234	0.16289	0.679475	0.837313	0.846153	0.708645	0.755786	0.850236	0.897435		0.762837	0.778868	0.782342	0.783713	0.784415	0.126856	0.692396	0.789878	0.784063	0.656103	0.718549	0.846467	0.910446
207	3.45	1.585629788		0.693366	0.782009	0.80294	0.811579	0.816164	0.163125	0.68018	0.836986	0.845609	0.708719	0.75586	0.850318	0.89752		0.762859	0.778673	0.782085	0.783428	0.784114	0.126854	0.692846	0.789383	0.783561	0.655863	0.718299	0.846203	0.910175
208	3.466666667	1.585594277		0.694186	0.782277	0.803016	0.811563	0.816094	0.16336	0.68088	0.836662	0.845071	0.708791	0.755932	0.850397	0.897604		0.762881	0.77848	0.781831	0.783146	0.783816	0.126851	0.693294	0.788896	0.783068	0.655625	0.718052	0.845942	0.909907
209	3.483333333	1.585555027		0.695	0.782543	0.803091	0.811546	0.816025	0.163595	0.681576	0.836341	0.844541	0.708862	0.756003	0.850476	0.897687		0.762902	0.778289	0.781579	0.782867	0.783522	0.126849	0.693738	0.788417	0.782587	0.65539	0.717807	0.845684	0.909642
210	3.5	1.585511724		0.695807	0.782806	0.803164	0.811529	0.815956	0.16383	0.682269	0.836024	0.844017	0.708933	0.756073	0.850553	0.897768		0.762922	0.7781	0.781331	0.782591	0.783231	0.126846	0.694179	0.787945	0.782114	0.655162	0.717565	0.845428	0.909379
211	3.516666667	1.585464062		0.69661	0.783065	0.803236	0.811512	0.815887	0.164064	0.682957	0.835709	0.8435	0.709003	0.756142	0.850629	0.897848		0.76294	0.777912	0.781084	0.782318	0.782943	0.126842	0.694616	0.787481	0.781652	0.654936	0.717325	0.845174	0.909119
212	3.533333333	1.585411743		0.697408	0.783322	0.803307	0.811494	0.815818	0.164298	0.683641	0.835397	0.84299	0.709071	0.75621	0.850704	0.897927		0.762958	0.777725	0.78084	0.782048	0.782658	0.126839	0.695051	0.787024	0.781198	0.654712	0.717088	0.844923	0.908861
213	3.55	1.585354478		0.698199	0.783576	0.803377	0.811476	0.815749	0.164532	0.684321	0.835088	0.842486	0.709137	0.756276	0.850777	0.898003		0.762975	0.77754	0.780598	0.78178	0.782375	0.126835	0.695481	0.786575	0.780754	0.654491	0.716853	0.844674	0.908605
214	3.566666667	1.585291982		0.698984	0.783828	0.803445	0.811457	0.81568	0.164765	0.684997	0.834782	0.841989	0.709202	0.756342	0.850849	0.898079		0.762991	0.777357	0.780358	0.781515	0.782096	0.12683	0.695909	0.786132	0.780318	0.654271	0.716621	0.844428	0.908352
215	3.583333333	1.585223982		0.699764	0.784076	0.803512	0.811438	0.815612	0.164998	0.685669	0.834478	0.841497	0.709267	0.756406	0.850919	0.898153		0.763006	0.777174	0.780121	0.781253	0.78182	0.126826	0.696333	0.785695	0.779891	0.654053	0.716391	0.844183	0.9081
216	3.6	1.585150208		0.700541	0.784321	0.803578	0.811418	0.815543	0.165231	0.686337	0.834177	0.841012	0.709331	0.756468	0.850988	0.898225		0.76302	0.776993	0.779886	0.780993	0.781547	0.12682	0.696754	0.785266	0.779472	0.653836	0.716163	0.843941	0.907851
217	3.616666667	1.5850704		0.701309	0.784564	0.803642	0.811398	0.815475	0.165463	0.687001	0.833879	0.840533	0.709393	0.75653	0.851055	0.898296		0.763032	0.776814	0.779653	0.780736	0.781276	0.126815	0.697171	0.784843	0.779061	0.653619	0.715937	0.843701	0.907603
218	3.633333333	1.584984302		0.702073	0.784804	0.803705	0.811377	0.815406	0.165695	0.68766	0.833583	0.840059	0.709453	0.75659	0.851121	0.898365		0.763044	0.776635	0.779421	0.780481	0.781007	0.126809	0.697585	0.784425	0.778658	0.653406	0.715713	0.843462	0.907358
219	3.65	1.584891668		0.702833	0.78504	0.803766	0.811356	0.815337	0.165926	0.688316	0.83329	0.839592	0.70951	0.756649	0.851185	0.898433		0.763054	0.776458	0.779192	0.780228	0.780741	0.126802	0.697996	0.784015	0.778263	0.653196	0.715491	0.843225	0.907114
220	3.666666667	1.584792256		0.703584	0.785274	0.803826	0.811334	0.815268	0.166157	0.688967	0.832999	0.83913	0.709566	0.756707	0.851248	0.898498		0.763064	0.776282	0.778964	0.779977	0.780478	0.126795	0.698403	0.783609	0.777874	0.65299	0.715272	0.84299	0.906871
221	3.683333333	1.584685833		0.704331	0.785505	0.803885	0.811311	0.815199	0.166388	0.689615	0.832711	0.838673	0.709621	0.756763	0.851309	0.898563		0.763072	0.776106	0.778738	0.779729	0.780217	0.126788	0.698806	0.78321	0.777493	0.652785	0.715054	0.842757	0.90663
222	3.7	1.584572169		0.705075	0.785733	0.803942	0.811288	0.81513	0.166618	0.690258	0.832425	0.838222	0.709674	0.756818	0.851368	0.898625		0.763079	0.775932	0.778514	0.779482	0.779958	0.126779	0.699207	0.782816	0.777118	0.652582	0.714837	0.842525	0.906391
223	3.716666667	1.584451043		0.705812	0.785958	0.803997	0.811264	0.81506	0.166847	0.690898	0.832141	0.837776	0.709725	0.756872	0.851426	0.898685		0.763084	0.775759	0.778291	0.779238	0.779701	0.126771	0.699603	0.782428	0.776751	0.65238	0.714623	0.842294	0.906152
224	3.733333333	1.58432224		0.706541	0.78618	0.804051	0.811238	0.81499	0.167076	0.691533	0.831859	0.837335	0.709774	0.756924	0.851482	0.898744		0.763089	0.775586	0.77807	0.778995	0.779445	0.126761	0.699996	0.782044	0.776389	0.652178	0.71441	0.842065	0.905916
225	3.75	1.584185549		0.707267	0.7864	0.804103	0.811213	0.814919	0.167304	0.692164	0.831579	0.8369	0.709821	0.756975	0.851536	0.898801		0.763092	0.775414	0.777851	0.778754	0.779193	0.126752	0.700386	0.781666	0.776033	0.651977	0.714199	0.841837	0.90568
226	3.766666667	1.584040767		0.70799	0.786616	0.804154	0.811186	0.814849	0.167532	0.69279	0.831301	0.836469	0.709864	0.757025	0.851589	0.898856		0.763094	0.775243	0.777632	0.778514	0.778941	0.126741	0.700772	0.781293	0.775684	0.651778	0.713989	0.84161	0.905445
227	3.783333333	1.583887696		0.708705	0.78683	0.804203	0.811158	0.814777	0.167759	0.693413	0.831025	0.836043	0.709908	0.757072	0.851639	0.898909		0.763095	0.775072	0.777415	0.778276	0.778692	0.12673	0.701155	0.780924	0.77534	0.651581	0.713781	0.841384	0.905211
228	3.8	1.583726144		0.709413	0.78704	0.80425	0.811129	0.814705	0.167986	0.694032	0.830751	0.835622	0.709953	0.757119	0.851689	0.89896		0.763094	0.774902	0.777199	0.77804	0.778444	0.126718	0.701534	0.78056	0.775002	0.651388	0.713574	0.84116	0.904978
229	3.816666667	1.583555923		0.710118	0.787248	0.804296	0.8111	0.814633	0.168212	0.694646	0.830478	0.835205	0.709995	0.757164	0.851736	0.899009		0.763092	0.774733	0.776984	0.777805	0.778198	0.126706	0.701909	0.7802	0.774669	0.651195	0.713368	0.840936	0.904746
230	3.833333333	1.583376852		0.710818	0.787452	0.80434	0.811069	0.81456	0.168438	0.695256	0.830208	0.834792	0.710038	0.757207	0.851781	0.899056		0.763089	0.774564	0.77677	0.777571	0.777953	0.126693	0.702281	0.779845	0.774341	0.651002	0.713164	0.840713	0.904514
231	3.85	1.583188755		0.711511	0.787654	0.804382	0.811037	0.814486	0.168663	0.695862	0.829939	0.834384	0.71008	0.757249	0.851824	0.899101		0.763084	0.774395	0.776557	0.777339	0.77771	0.126679	0.702649	0.779494	0.774017	0.65081	0.712961	0.840491	0.904283
232	3.866666667	1.582991462		0.7122	0.787852	0.804422	0.811004	0.814411	0.168887	0.696464	0.829671	0.83398	0.710121	0.757289	0.851865	0.899143		0.763078	0.774226	0.776345	0.777107	0.777468	0.126664	0.703013	0.779146	0.773699	0.65062	0.712759	0.840269	0.904053
233	3.883333333	1.582784806		0.712883	0.788048	0.804461	0.81097	0.814336	0.16911	0.697061	0.829405	0.83358	0.710161	0.757328	0.851904	0.899184		0.76307	0.774058	0.776134	0.776877	0.777227	0.126648	0.703374	0.778803	0.773384	0.650434	0.712558	0.840048	0.903822
234	3.9	1.582568627		0.71356	0.78824	0.804498	0.810935	0.81426	0.169333	0.697655	0.82914	0.833183	0.710201	0.757364	0.851942	0.899222		0.763061	0.77389	0.775924	0.776648	0.776987	0.126632	0.703731	0.778463	0.773074	0.650248	0.712358	0.839828	0.903593
235	3.916666667	1.582342769		0.714234	0.788429	0.804532	0.810898	0.814183	0.169555	0.698244	0.828877	0.832791	0.710239	0.7574	0.851977	0.899258		0.76305	0.773722	0.775714	0.776419	0.776748	0.126616	0.704085	0.778126	0.772768	0.650061	0.712159	0.839608	0.903363
236	3.933333333	1.582107082		0.714901	0.788615	0.804565	0.81086	0.814105	0.169777	0.698828	0.828615	0.832402	0.710278	0.757433	0.85201	0.899292		0.763037	0.773555	0.775505	0.776192	0.776511	0.126598	0.704435	0.777793	0.772466	0.649873	0.71196	0.839388	0.903133
237	3.95	1.581861419		0.715561	0.788799	0.804596	0.810821	0.814026	0.169998	0.699409	0.828354	0.832017	0.710312	0.757465	0.852041	0.899324		0.763023	0.773387	0.775296	0.775965	0.776274	0.12658	0.70478	0.777463	0.772168	0.649686	0.711763	0.839169	0.902904
238	3.966666667	1.581605638		0.716218	0.788979	0.804626	0.810781	0.813946	0.170218	0.699985	0.828094	0.831636	0.710346	0.757495	0.852069	0.899352		0.763008	0.773219	0.775088	0.775739	0.776038	0.126561	0.705123	0.777137	0.771873	0.649498	0.711566	0.83895	0.902674
239	3.983333333	1.581339603		0.716872	0.789156	0.804653	0.810739	0.813866	0.170437	0.700557	0.827835	0.831257	0.710378	0.757523	0.852096	0.899379		0.76299	0.773052	0.77488	0.775514	0.775803	0.126541	0.705461	0.776813	0.771581	0.649313	0.71137	0.838731	0.902445
240	4	1.581063182		0.717517	0.789329	0.804678	0.810696	0.813783	0.170656	0.701125	0.827577	0.830882	0.710409	0.75755	0.85212	0.899404		0.762971	0.772883	0.774673	0.775289	0.775568	0.12652	0.705796	0.776492	0.771293	0.649129	0.711174	0.838512	0.902215
241	4.016666667	1.580776245		0.718157	0.7895	0.804701	0.810651	0.8137	0.170874	0.701688	0.82732	0.83051	0.710438	0.757574	0.852142	0.899425		0.76295	0.772715	0.774465	0.775064	0.775334	0.126498	0.706127	0.776173	0.771007	0.648946	0.710979	0.838293	0.901985
242	4.033333333	1.58047867		0.718793	0.789667	0.804721	0.810605	0.813616	0.171092	0.702247	0.827064	0.830141	0.710466	0.757597	0.852162	0.899445		0.762928	0.772547	0.774258	0.77484	0.775101	0.126476	0.706454	0.775857	0.770725	0.648767	0.710784	0.838074	0.901754
243	4.05	1.580170336		0.719424	0.789832	0.80474	0.810556	0.813531	0.171308	0.702802	0.826808	0.829775	0.710489	0.757618	0.852179	0.899461		0.762904	0.772378	0.774051	0.774616	0.774867	0.126453	0.706777	0.775544	0.770444	0.648589	0.71059	0.837855	0.901523
244	4.066666667	1.579851128		0.720048	0.789993	0.804757	0.810507	0.813444	0.171524	0.703352	0.826554	0.829411	0.710509	0.757637	0.852194	0.899475		0.762877	0.772209	0.773844	0.774392	0.774634	0.126429	0.707096	0.775232	0.770166	0.648411	0.710396	0.837635	0.901292
245	4.083333333	1.579520936		0.720668	0.79015	0.804771	0.810455	0.813355	0.171739	0.703898	0.826299	0.82905	0.710528	0.757653	0.852207	0.899487		0.762849	0.772039	0.773637	0.774169	0.774402	0.126403	0.707412	0.774923	0.76989	0.648232	0.710202	0.837415	0.90106
246	4.1	1.57917965		0.721282	0.790305	0.804783	0.810402	0.813266	0.171953	0.70444	0.826046	0.828691	0.710547	0.757668	0.852217	0.899496		0.762819	0.771869	0.773429	0.773945	0.774169	0.126378	0.707723	0.774616	0.769617	0.648055	0.710009	0.837195	0.900827
247	4.116666667	1.578827169		0.721892	0.790456	0.804793	0.810348	0.813175	0.172167	0.704977	0.825792	0.828335	0.710567	0.757681	0.852224	0.899502		0.762788	0.771698	0.773222	0.773722	0.773937	0.126351	0.708031	0.774311	0.769345	0.647881	0.709815	0.836974	0.900593
248	4.133333333	1.578463391		0.722496	0.790604	0.8048	0.810291	0.813082	0.172379	0.70551	0.82554	0.827982	0.710584	0.757692	0.852229	0.899505		0.762754	0.771526	0.773014	0.773498	0.773704	0.126323	0.708335	0.774007	0.769075	0.647706	0.709622	0.836752	0.900358
249	4.15	1.578088222		0.723093	0.790749	0.804805	0.810233	0.812988	0.172591	0.706039	0.825287	0.82763	0.7106	0.7577	0.852232	0.899505		0.762718	0.771354	0.772806	0.773275	0.773472	0.126295	0.708635	0.773705	0.768807	0.64753	0.709428	0.83653	0.900123
250	4.166666667	1.577701569		0.723688	0.79089	0.804808	0.810172	0.812893	0.172802	0.706562	0.825035	0.82728	0.710614	0.757707	0.852232	0.899503		0.76268	0.77118	0.772598	0.77305	0.773239	0.126265	0.708931	0.773404	0.768539	0.647356	0.709235	0.836307	0.899886
251	4.183333333	1.577303342		0.724276	0.791028	0.804808	0.81011	0.812796	0.173012	0.707082	0.824782	0.826932	0.710625	0.757711	0.852229	0.899498		0.762641	0.771007	0.772389	0.772826	0.773006	0.126235	0.709222	0.773105	0.768274	0.64718	0.709041	0.836084	0.899649
252	4.2	1.576893458		0.724858	0.791163	0.804806	0.810046	0.812696	0.173222	0.707597	0.82453	0.826586	0.710635	0.757714	0.852223	0.89949		0.762599	0.770832	0.772179	0.772601	0.772773	0.126204	0.70951	0.772807	0.768009	0.647008	0.708847	0.835859	0.89941
253	4.216666667	1.576471834		0.725436	0.791295	0.804802	0.80998	0.812596	0.17343	0.708108	0.824278	0.826242	0.710642	0.757714	0.852215	0.899479		0.762555	0.770656	0.771969	0.772376	0.77254	0.126171	0.709794	0.772509	0.767745	0.64684	0.708653	0.835634	0.89917
254	4.233333333	1.576038392		0.726009	0.791422	0.804795	0.809912	0.812493	0.173638	0.708614	0.824026	0.8259	0.710644	0.757711	0.852204	0.899465		0.762509	0.77048	0.771758	0.772151	0.772306	0.126138	0.710074	0.772213	0.767482	0.646671	0.708459	0.835407	0.898928
255	4.25	1.575593057		0.726576	0.791547	0.804785	0.809842	0.812389	0.173845	0.709116	0.823774	0.825559	0.710645	0.757707	0.85219	0.899448		0.76246	0.770302	0.771547	0.771924	0.772071	0.126104	0.71035	0.771918	0.76722	0.646503	0.708264	0.83518	0.898685
256	4.266666667	1.575135758		0.727138	0.791668	0.804773	0.809769	0.812283	0.174051	0.709613	0.823521	0.825219	0.710643	0.7577	0.852174	0.899428		0.76241	0.770123	0.771335	0.771698	0.771836	0.126069	0.710622	0.771624	0.766959	0.646333	0.708069	0.834951	0.898441
257	4.283333333	1.574666425		0.727694	0.791786	0.804759	0.809695	0.812175	0.174256	0.710106	0.823269	0.824881	0.710635	0.757691	0.852155	0.899404		0.762357	0.769943	0.771122	0.77147	0.771601	0.126034	0.71089	0.77133	0.766698	0.646131	0.707874	0.834722	0.898196
258	4.3	1.574184994		0.728246	0.7919	0.804741	0.809618	0.812065	0.174461	0.710594	0.823016	0.824544	0.710622	0.757679	0.852132	0.899378		0.762302	0.769762	0.770908	0.771241	0.771365	0.125997	0.711154	0.771037	0.766437	0.645923	0.707677	0.83449	0.897949
259	4.316666667	1.573691401		0.728791	0.79201	0.804721	0.809539	0.811954	0.174664	0.711078	0.822762	0.824208	0.710606	0.757665	0.852107	0.899348		0.762245	0.769579	0.770693	0.771011	0.771128	0.125959	0.711413	0.770744	0.766176	0.645714	0.70748	0.834258	0.897699
260	4.333333333	1.573185589		0.729332	0.792117	0.804699	0.809458	0.81184	0.174867	0.711558	0.822509	0.823873	0.710588	0.757649	0.852079	0.899316		0.762185	0.769396	0.770477	0.770781	0.77089	0.12592	0.711669	0.770452	0.765915	0.645501	0.707283	0.834024	0.897449
261	4.35	1.5726675		0.729869	0.792221	0.804673	0.809374	0.811724	0.175068	0.712032	0.822254	0.823539	0.710568	0.75763	0.852048	0.89928		0.762123	0.76921	0.770259	0.770549	0.770651	0.12588	0.71192	0.770159	0.765655	0.645285	0.707084	0.833788	0.897196
262	4.366666667	1.572137081		0.730398	0.792321	0.804645	0.809289	0.811606	0.175269	0.712502	0.821999	0.823206	0.710548	0.757609	0.852014	0.89924		0.762058	0.769024	0.770041	0.770317	0.770411	0.125839	0.712167	0.769867	0.765393	0.645067	0.706885	0.833551	0.896942
263	4.383333333	1.571594281		0.730922	0.792417	0.804614	0.8092	0.811485	0.175469	0.712968	0.821743	0.822873	0.710524	0.757585	0.851976	0.899198		0.761992	0.768836	0.769821	0.770083	0.770169	0.125798	0.71241	0.769575	0.765132	0.644847	0.706685	0.833313	0.896685
264	4.4	1.571039054		0.731444	0.79251	0.80458	0.809109	0.811363	0.175668	0.713429	0.821487	0.822541	0.710501	0.757558	0.851936	0.899152		0.761922	0.768646	0.7696	0.769848	0.769927	0.125755	0.712649	0.769282	0.764869	0.644625	0.706484	0.833073	0.896426
265	4.416666667	1.570471353		0.731958	0.792599	0.804543	0.809016	0.811238	0.175866	0.713885	0.82123	0.822209	0.710475	0.757529	0.851892	0.899102		0.76185	0.768455	0.769378	0.769612	0.769684	0.125711	0.712883	0.768989	0.764607	0.644404	0.706282	0.832831	0.896165
266	4.433333333	1.569891136		0.732467	0.792684	0.804504	0.80892	0.811111	0.176064	0.714337	0.820972	0.821878	0.710447	0.757497	0.851846	0.89905		0.761776	0.768262	0.769154	0.769375	0.769439	0.125666	0.713113	0.768696	0.764343	0.644177	0.706079	0.832587	0.895903
267	4.45	1.569298363		0.732971	0.792766	0.804461	0.808822	0.810981	0.17626	0.714784	0.820713	0.821547	0.710416	0.757463	0.851796	0.898993		0.761699	0.768067	0.768929	0.769136	0.769193	0.12562	0.713339	0.768403	0.764079	0.643953	0.705875	0.832341	0.895638
268	4.466666667	1.568692998		0.733469	0.792844	0.804415	0.808721	0.810849	0.176455	0.715226	0.820452	0.821216	0.710382	0.757426	0.851743	0.898933		0.761619	0.767871	0.768702	0.768896	0.768945	0.125574	0.713562	0.768109	0.763814	0.643731	0.70567	0.832093	0.89537
269	4.483333333	1.568075006		0.733963	0.792919	0.804367	0.808617	0.810715	0.176649	0.715664	0.820191	0.820886	0.710348	0.757386	0.851686	0.89887		0.761537	0.767673	0.768474	0.768654	0.768697	0.125526	0.713779	0.767815	0.763548	0.643511	0.705463	0.831844	0.8951
270	4.5	1.567444353		0.734452	0.792989	0.804315	0.808511	0.810578	0.176843	0.716097	0.819929	0.820555	0.710309	0.757344	0.851627	0.898803		0.761452	0.767472	0.768244	0.768411	0.768446	0.125477	0.713992	0.767519	0.76328	0.643293	0.705256	0.831593	0.894828
271	4.516666667	1.566801012		0.734934	0.793056	0.804261	0.808402	0.810439	0.177036	0.716526	0.819666	0.820224	0.71027	0.757298	0.851564	0.898733		0.761365	0.767271	0.768012	0.768166	0.768194	0.125427	0.714202	0.767223	0.763011	0.643076	0.705046	0.831339	0.894553
272	4.533333333	1.566144953		0.73541	0.79312	0.804203	0.80829	0.810297	0.177227	0.71695	0.819401	0.819894	0.710228	0.75725	0.851497	0.898658		0.761274	0.767067	0.767779	0.767919	0.76794	0.125376	0.714406	0.766926	0.762741	0.642861	0.704836	0.831083	0.894276
273	4.55	1.565476153		0.735884	0.793179	0.804142	0.808176	0.810152	0.177418	0.717369	0.819135	0.819562	0.710183	0.757199	0.851427	0.898581		0.761182	0.766861	0.767543	0.767671	0.767685	0.125324	0.714607	0.766627	0.762469	0.642648	0.704624	0.830825	0.893997
274	4.566666667	1.564794587		0.736351	0.793235	0.804078	0.808058	0.810005	0.177608	0.717783	0.818868	0.819231	0.710137	0.757146	0.851354	0.898499		0.761086	0.766653	0.767306	0.767421	0.767428	0.125272	0.714803	0.766329	0.762196	0.642434	0.704411	0.830565	0.893714
275	4.583333333	1.564100237		0.736812	0.793286	0.804011	0.807938	0.809855	0.177796	0.718193	0.818599	0.818899	0.710087	0.757089	0.851277	0.898414		0.760987	0.766443	0.767067	0.767169	0.767169	0.125218	0.714995	0.766028	0.76192	0.642219	0.704196	0.830302	0.893429
276	4.6	1.563393083		0.737268	0.793334	0.803941	0.807815	0.809703	0.177984	0.718598	0.818329	0.818566	0.710033	0.757029	0.851197	0.898324		0.760885	0.766231	0.766826	0.766915	0.766908	0.125163	0.715182	0.765727	0.761643	0.642002	0.70398	0.830037	0.893141
277	4.616666667	1.562673108		0.737719	0.793378	0.803867	0.807688	0.809547	0.178171	0.718998	0.818057	0.818233	0.709978	0.756967	0.851113	0.898232		0.760781	0.766017	0.766583	0.766659	0.766645	0.125107	0.715365	0.765424	0.761365	0.641786	0.703762	0.82977	0.89285
278	4.633333333	1.5619403		0.738166	0.793419	0.80379	0.807559	0.809389	0.178357	0.719394	0.817783	0.8179	0.70992	0.756901	0.851026	0.898135		0.760674	0.7658	0.766338	0.766401	0.76638	0.12505	0.715544	0.765119	0.761084	0.64157	0.703542	0.8295	0.892556
279	4.65	1.561194646		0.738606	0.793455	0.80371	0.807427	0.809229	0.178542	0.719784	0.817508	0.817565	0.709859	0.756833	0.850935	0.898034		0.760564	0.765581	0.766091	0.766141	0.766113	0.124992	0.715718	0.764813	0.760801	0.641354	0.703321	0.829228	0.89226
280	4.666666667	1.560436135		0.73904	0.793487	0.803626	0.807292	0.809065	0.178726	0.72017	0.817231	0.817229	0.709798	0.756761	0.85084	0.897929		0.760451	0.76536	0.765841	0.76588	0.765845	0.124933	0.715888	0.764506	0.760516	0.641134	0.703098	0.828953	0.89196
281	4.683333333	1.55966476		0.739471	0.793515	0.80354	0.807154	0.808898	0.178909	0.720552	0.816953	0.816893	0.709732	0.756687	0.850742	0.897821		0.760335	0.765136	0.76559	0.765615	0.765573	0.124873	0.716054	0.764197	0.760229	0.640916	0.702873	0.828675	0.891658
282	4.7	1.558880514		0.739896	0.79354	0.80345	0.807013	0.808728	0.179091	0.720928	0.816673	0.816556	0.709666	0.756609	0.85064	0.897708		0.760216	0.764911	0.765336	0.765349	0.7653	0.124812	0.716215	0.763886	0.759939	0.6407	0.702646	0.828395	0.891352
283	4.716666667	1.558083393		0.740314	0.79356	0.803356	0.806868	0.808556	0.179272	0.7213	0.81639	0.816217	0.709597	0.756528	0.850534	0.897592		0.760094	0.764682	0.765079	0.76508	0.765025	0.12475	0.716371	0.763573	0.759647	0.640477	0.702418	0.828112	0.891043
284	4.733333333	1.557273396		0.740728	0.793577	0.803259	0.80672	0.80838	0.179452	0.721667	0.816106	0.815878	0.709525	0.756444	0.850426	0.897472		0.759968	0.764451	0.764821	0.764809	0.764747	0.124687	0.716523	0.763259	0.759352	0.640254	0.702187	0.827826	0.890731
285	4.75	1.55645052		0.741137	0.793589	0.803158	0.80657	0.808201	0.179632	0.722028	0.81582	0.815537	0.709451	0.756357	0.850312	0.897347		0.75984	0.764218	0.76456	0.764536	0.764467	0.124623	0.716671	0.762942	0.759055	0.640027	0.701954	0.827537	0.890416
286	4.766666667	1.555614768		0.74154	0.793597	0.803054	0.806416	0.808019	0.17981	0.722386	0.815531	0.815194	0.709375	0.756267	0.850196	0.897218		0.759709	0.763982	0.764296	0.76426	0.764184	0.124557	0.716814	0.762624	0.758755	0.639801	0.701719	0.827246	0.890097
287	4.783333333	1.554766142		0.741938	0.793602	0.802946	0.806258	0.807834	0.179987	0.722738	0.815241	0.814851	0.709293	0.756173	0.850075	0.897085		0.759574	0.763744	0.764031	0.763982	0.763899	0.124491	0.716953	0.762303	0.758453	0.639573	0.701483	0.826951	0.889775
288	4.8	1.553904647		0.74233	0.793602	0.802835	0.806098	0.807646	0.180163	0.723086	0.814948	0.814506	0.709208	0.756076	0.84995	0.896949		0.759436	0.763502	0.763762	0.763701	0.763612	0.124424	0.717087	0.76198	0.758147	0.639345	0.701244	0.826654	0.88945
289	4.816666667	1.55303029		0.742719	0.793598	0.802721	0.805934	0.807455	0.180339	0.723428	0.814654	0.814159	0.709118	0.755976	0.849822	0.896807		0.759295	0.763258	0.763491	0.763418	0.763322	0.124356	0.717217	0.761655	0.757839	0.639112	0.701003	0.826354	0.889121
290	4.833333333	1.552143078		0.743099	0.79359	0.802602	0.805766	0.80726	0.180513	0.723766	0.814357	0.813811	0.709023	0.755873	0.84969	0.896662		0.759151	0.763012	0.763217	0.763132	0.763029	0.124287	0.717342	0.761328	0.757528	0.638874	0.70076	0.82605	0.888789
291	4.85	1.55124302		0.743475	0.793578	0.80248	0.805596	0.807062	0.180686	0.724099	0.814057	0.813461	0.708925	0.755766	0.849554	0.896513		0.759004	0.762762	0.76294	0.762843	0.762733	0.124216	0.717463	0.760998	0.757213	0.63863	0.700514	0.825744	0.888453
292	4.866666667	1.550330128		0.743848	0.793562	0.802355	0.805421	0.806861	0.180858	0.724427	0.813755	0.813109	0.708826	0.755656	0.849413	0.896359		0.758853	0.76251	0.762661	0.762552	0.762435	0.124145	0.717579	0.760665	0.756896	0.638382	0.700266	0.825434	0.888114
293	4.883333333	1.549404415		0.744214	0.793541	0.802225	0.805244	0.806657	0.18103	0.72475	0.813452	0.812755	0.708724	0.755542	0.849269	0.896201		0.758699	0.762255	0.762379	0.762258	0.762135	0.124072	0.717691	0.760331	0.756575	0.638129	0.700016	0.82512	0.887771
294	4.9	1.548465894		0.744573	0.793517	0.802092	0.805063	0.806449	0.1812	0.725069	0.813145	0.8124	0.708618	0.755426	0.849121	0.896039		0.758542	0.761997	0.762095	0.761961	0.761831	0.123999	0.717798	0.759994	0.756252	0.637883	0.699764	0.824805	0.887425
295	4.916666667	1.547514582		0.744928	0.793488	0.801956	0.804878	0.806237	0.18137	0.725382	0.812836	0.812042	0.708512	0.755305	0.848969	0.895872		0.758381	0.761736	0.761807	0.761661	0.761525	0.123925	0.7179	0.759654	0.755925	0.637635	0.699509	0.824485	0.887075
296	4.933333333	1.546550495		0.745279	0.793455	0.801815	0.80469	0.806023	0.181538	0.725691	0.812524	0.811683	0.708404	0.755182	0.848812	0.895701		0.758217	0.761473	0.761517	0.761359	0.761216	0.123849	0.717998	0.759311	0.755594	0.637385	0.699251	0.824163	0.88672
297	4.95	1.545573652		0.745623	0.793418	0.801671	0.804498	0.805804	0.181705	0.725994	0.81221	0.811321	0.708293	0.755054	0.848651	0.895525		0.758049	0.761206	0.761224	0.761053	0.760904	0.123773	0.718091	0.758966	0.75526	0.637138	0.698991	0.823837	0.886362
298	4.966666667	1.544584073		0.745962	0.793376	0.801523	0.804303	0.805583	0.181871	0.726293	0.811893	0.810957	0.70818	0.754924	0.848487	0.895346		0.757878	0.760936	0.760927	0.760745	0.760589	0.123695	0.71818	0.758617	0.754923	0.63689	0.698729	0.823507	0.886001
299	4.983333333	1.543581779		0.746296	0.793331	0.801371	0.804104	0.805358	0.182036	0.726587	0.811574	0.810591	0.708063	0.75479	0.848319	0.89516		0.757704	0.760663	0.760628	0.760434	0.760271	0.123617	0.718264	0.758266	0.754582	0.636638	0.698464	0.823174	0.885636
300	5	1.542566792		0.746623	0.793281	0.801215	0.803901	0.805129	0.182201	0.726875	0.811252	0.810223	0.707941	0.754652	0.848146	0.894973		0.757526	0.760387	0.760325	0.760119	0.75995	0.123537	0.718343	0.757912	0.754238	0.636385	0.698197	0.822838	0.885266
